1783021306.486809 0.000000 0.000000 0.000000 0.000000 0.000000 0.000000 1.000000
1783021312.035797 0.121092 0.050289 -0.002871 0.005823 0.004130 0.275624 0.961239
1783021312.585861 0.212393 0.131563 -0.010436 -0.025768 -0.017649 0.515187 0.856509
1783021313.286069 0.283928 0.324587 0.008772 -0.016920 -0.012528 0.723374 0.690135
1783021313.786465 0.265307 0.444306 0.015211 -0.018847 -0.023250 0.881384 0.471452
1783021314.885479 0.081547 0.681403 0.013066 -0.008412 -0.024146 0.974379 0.223456
1783021319.185793 -0.923761 0.824758 0.020339 -0.000015 -0.007116 0.998215 0.059302
1783021322.435752 -1.926134 0.917671 0.019033 -0.009411 -0.001342 0.998250 0.058368
1783021327.136192 -2.914688 1.110608 0.015161 -0.003287 0.002157 0.962739 0.270405
1783021329.686892 -3.187126 1.332561 0.038570 -0.003956 0.001555 0.865074 0.501625
1783021330.635870 -3.249384 1.436343 0.042508 -0.004593 0.004587 0.708209 0.705973
