1 -3.22211e-28 -2.96188e-30 -2.87433e-23 3.22211e-28 1 -5.66889e-30 2.43406e-24 2.96188e-30 5.66889e-30 1 3.55592e-23
0.848029 -0.529833 0.0111505 0.121092 0.529929 0.847995 -0.00891863 0.0502893 -0.00473015 0.0134722 0.999898 -0.00287075
0.468542 -0.881614 -0.0567841 0.212393 0.883433 0.467837 0.0259558 0.131563 0.00368274 -0.0623263 0.998049 -0.0104361
-0.0468551 -0.998028 -0.0417714 0.283928 0.998876 -0.0471138 0.00522952 0.324587 -0.00718722 -0.0414794 0.999114 0.00877175
-0.554756 -0.830183 -0.0551452 0.265307 0.831936 -0.554386 -0.0232128 0.444306 -0.0113008 -0.0587547 0.998208 0.0152114
-0.899993 -0.435055 -0.0271845 0.0815469 0.435868 -0.898969 -0.0432942 0.681403 -0.00560265 -0.0508134 0.998692 0.0130658
-0.992967 -0.118391 -0.000874279 -0.923761 0.118392 -0.992865 -0.0142039 0.824758 0.000813573 -0.0142075 0.999899 0.0203394
-0.993009 -0.116507 -0.0189452 -1.92613 0.116557 -0.993183 -0.00157998 0.917671 -0.018632 -0.00377714 0.999819 0.0190326
-0.853741 -0.520672 -0.00516304 -2.91469 0.520644 -0.853753 0.00593128 1.11061 -0.00749621 0.00237568 0.999969 0.0151606
-0.496712 -0.867899 -0.00528539 -3.18713 0.867874 -0.496739 0.0066588 1.33256 -0.00840463 -0.00127955 0.999964 0.0385697
-0.00316132 -0.999995 -2.98509e-05 -3.24938 0.999911 -0.00316144 0.0129817 1.43634 -0.0129817 1.11911e-05 0.999916 0.0425076
