1783000191.1282015
1783000196.6771889
1783000197.2272534
1783000197.9274614
1783000198.4278572
1783000199.526871
1783000203.8271847
1783000207.0771444
1783000211.7775834
1783000214.3282838
1783000215.2772624
1783000217.8761592
1783000220.0268536
1783000222.0280004
1783000224.0763779
1783000226.1767955
1783000228.3264921
1783000230.42594
1783000232.6265097
1783000234.9265397
1783000237.1768348
1783000239.4777803
1783000242.5262134
1783000245.6257491
1783000247.0263171
1783000249.2759683
1783000251.4260824
1783000253.6260879
1783000255.9754429
1783000258.225534
1783000260.5270541
1783000262.4752927
1783000264.7261848
1783000266.6271412
1783000269.0252006
1783000271.7252636
1783000274.0751512
1783000276.8251886
1783000279.226156
1783000281.924824
1783000284.0258334
1783000285.9254847
1783000287.0253005
1783000288.4746993
1783000290.876039
1783000292.0254202
1783000292.825094
1783000294.9246051
1783000297.0264459
1783000299.0751956
1783000301.124403
1783000303.3247175
1783000305.4243882
1783000307.8246045
1783000310.5743554
1783000312.9799056
1783000315.374521
1783000316.5243893
1783000317.5732279
1783000319.9742773
1783000322.4237432
1783000323.6282036
1783000325.5735316
1783000327.9738972
1783000330.1795721
1783000332.3735452
1783000334.5238447
1783000336.7732952
1783000339.0737562
1783000341.1728261
1783000343.3740463
1783000345.5747783
1783000347.7735853
1783000349.8732903
1783000352.0742445
1783000354.2731962
1783000356.5231349
1783000358.9880548
1783000361.7231882
1783000364.5237525
1783000365.2766871
1783000367.6287899
1783000370.0722029
1783000372.4221997
1783000375.3282533
1783000378.1221995
1783000380.6220987
1783000383.2077842
1783000385.8249137
1783000388.1223986
1783000389.9219422
1783000391.573225
1783000394.671772
1783000395.9718344
1783000396.6218438
1783000398.9718921
1783000401.0719304
1783000403.4219108
1783000405.8727961
1783000408.3217814
1783000410.6217959
1783000415.1713345
1783000424.6736004
1783000426.7216475
1783000428.7711363
1783000431.021055
1783000433.6209369
1783000435.7221289
1783000437.0212424
1783000438.97329
1783000441.070364
1783000442.7205148
1783000445.0205226
1783000447.3203635
1783000449.6710463
1783000451.9250314
1783000453.9200001
1783000456.0697927
1783000458.0711379
1783000460.1201172
1783000462.3703399
1783000464.3695545
1783000465.2241051
1783000466.2220259
1783000468.5694356
1783000470.7265432
1783000472.9698603
1783000475.2202749
1783000477.4199927
1783000479.719841
1783000481.8200912
1783000484.0700443
1783000486.2194111
1783000488.4195969
1783000490.5684032
1783000491.6198802
1783000493.9188697
1783000496.2693329
1783000498.5690241
1783000500.7688727
1783000503.0190446
1783000505.220633
1783000507.3188767
1783000509.4189277
1783000511.719213
1783000514.1249771
1783000516.319247
1783000517.871232
1783000520.6184247
