1783002843.774938 -0.000076 0.000011 -0.000010 0.000000 -0.000000 -0.000000 1.000000
1783002849.323925 0.121005 0.050279 -0.002883 0.005824 0.004130 0.275624 0.961239
1783002849.873990 0.212370 0.131567 -0.010403 -0.025794 -0.017653 0.515185 0.856509
1783002850.574198 0.284861 0.323845 0.008826 -0.016927 -0.012496 0.723435 0.690072
1783002851.074594 0.266073 0.443537 0.014983 -0.018776 -0.023282 0.881419 0.471388
1783002852.173607 0.081635 0.680795 0.013274 -0.008383 -0.024186 0.974392 0.223395
1783002856.473921 -0.923584 0.824547 0.021127 0.000144 -0.007080 0.998216 0.059291
1783002859.723881 -1.922986 0.911707 0.018648 -0.009444 -0.001233 0.998253 0.058303
1783002864.424320 -2.908937 1.098669 0.012462 -0.003251 0.002236 0.962729 0.270438
1783002866.975020 -3.178610 1.315611 0.036710 -0.003976 0.001626 0.865071 0.501630
1783002867.923999 -3.239061 1.413371 0.040253 -0.004490 0.004639 0.708154 0.706028
1783002870.522896 -3.100653 2.430964 0.042640 0.000337 0.007087 0.686530 0.727067
1783002872.673590 -2.944433 3.433633 0.071212 -0.001809 -0.008091 0.640711 0.767737
1783002874.674737 -2.777084 4.413338 0.070007 -0.000976 0.004538 0.682212 0.731139
1783002876.723114 -2.750066 5.406273 0.098414 0.005175 -0.006938 0.670962 0.741441
1783002878.823532 -2.656159 6.412818 0.102307 -0.001775 0.000451 0.664281 0.747480
1783002880.973228 -2.528922 7.395572 0.122906 -0.001812 -0.000209 0.652089 0.758140
1783002883.072676 -2.426680 8.384485 0.131551 -0.000850 -0.001660 0.659615 0.751602
1783002885.273246 -2.319656 9.380476 0.164502 0.004972 -0.000450 0.707610 0.706585
1783002887.573276 -2.364104 10.366812 0.219282 0.010873 -0.004154 0.701685 0.712392
1783002889.823571 -2.383898 11.355814 0.293361 0.020409 0.005005 0.710874 0.703006
1783002892.124517 -2.467760 12.340817 0.335394 0.010322 -0.018281 0.809657 0.586528
1783002895.172950 -2.976217 13.181009 0.445216 0.022867 -0.011952 0.919820 0.391491
1783002898.272485 -3.664703 13.927177 0.471715 0.022083 0.019022 0.834352 0.550460
1783002899.673054 -3.844001 14.410123 0.478569 0.029776 0.031144 0.659063 0.750852
1783002901.922705 -3.709020 15.404925 0.465852 0.010072 0.009659 0.673184 0.739343
1783002904.072819 -3.600706 16.395227 0.467845 -0.000769 0.001263 0.669193 0.743087
1783002906.272824 -3.548994 17.382521 0.500894 0.002466 -0.000176 0.696486 0.717566
1783002908.672712 -3.517740 18.385576 0.498632 0.015758 0.010916 0.678354 0.734485
1783002910.922763 -3.389093 19.388702 0.511054 0.011182 0.007411 0.673664 0.738916
1783002913.173790 -3.306665 20.371923 0.545083 -0.002748 0.001075 0.679737 0.733450
1783002915.122029 -3.273223 21.372332 0.560819 -0.000244 -0.000268 0.689255 0.724519
1783002917.322973 -3.276318 22.374424 0.587668 0.005176 0.002242 0.700375 0.713753
1783002919.273878 -3.198218 23.361204 0.612650 0.014751 0.006987 0.678323 0.734583
1783002921.571939 -3.095203 24.353031 0.662188 0.009718 0.009450 0.684073 0.729287
1783002924.321574 -3.045927 25.351954 0.657324 0.006772 -0.002537 0.677665 0.735335
1783002926.721888 -3.005142 26.340530 0.718490 0.010079 0.001588 0.679184 0.733897
1783002929.372361 -2.951490 27.328077 0.737325 0.005344 -0.002377 0.699375 0.714731
1783002931.872892 -2.928363 28.321451 0.729685 -0.029096 -0.032627 0.697479 0.715270
1783002934.571560 -2.843021 29.309065 0.773668 -0.019649 -0.020622 0.687632 0.725500
1783002936.723436 -2.691063 30.338678 0.833724 -0.005205 -0.011144 0.678078 0.734887
1783002938.622336 -2.449855 31.282524 0.863410 0.027431 0.001995 0.441984 0.896601
1783002939.821798 -2.154750 31.734177 0.879105 0.036534 -0.002235 0.177100 0.983512
1783002942.073623 -1.148732 31.712856 0.928654 0.012598 0.019082 -0.045584 0.998699
1783002943.522775 -0.579068 31.730135 0.912314 -0.037536 0.011257 0.223575 0.973899
1783002944.672157 -0.253987 32.037846 0.906380 -0.012396 -0.018511 0.477079 0.878578
1783002945.471830 -0.208885 32.307564 0.907045 -0.022943 -0.033025 0.689444 0.723222
1783002947.621436 -0.283794 33.304989 0.945418 0.006836 -0.015981 0.675261 0.737374
1783002949.721595 -0.220167 34.298607 0.996983 0.006713 -0.010011 0.704566 0.709536
1783002951.822500 -0.194145 35.315453 1.058778 0.002335 -0.024761 0.670022 0.741925
1783002953.921793 -0.105101 36.313156 1.102771 0.021529 -0.008095 0.683961 0.729156
1783002956.122810 -0.123244 37.318806 1.154726 0.008357 -0.022974 0.729229 0.683833
1783002958.221053 -0.075392 38.311676 1.173829 0.011224 -0.014134 0.678902 0.734007
1783002960.571260 -0.013214 39.309700 1.235924 0.006832 -0.015957 0.719151 0.694637
1783002963.171391 -0.036088 40.300297 1.289228 0.006943 -0.011016 0.758884 0.651096
1783002965.571703 -0.166158 41.284580 1.340870 0.003872 -0.018967 0.702811 0.711113
1783002967.971483 -0.191227 42.285580 1.406141 0.003076 -0.020578 0.712255 0.701612
1783002969.171126 -0.284890 42.811668 1.427331 -0.018495 -0.058365 0.878241 0.474283
1783002970.219964 -0.539378 43.017883 1.400818 -0.000321 -0.024599 0.971651 0.235138
1783002972.721562 -1.516268 43.286106 1.432019 -0.004735 -0.018434 0.998752 0.046176
1783002975.121465 -2.512969 43.224323 1.434554 0.006180 0.020194 -0.992244 0.122498
1783002976.320470 -2.934597 42.888943 1.430337 -0.000002 0.053577 -0.913727 0.402781
1783002978.170083 -3.435451 42.407040 1.373356 0.011284 0.008125 -0.990271 0.138459
1783002980.571851 -4.454256 42.309105 1.381066 -0.011531 -0.027559 0.999520 0.008204
1783002982.770721 -5.493044 42.277443 1.382692 0.007931 0.027232 -0.999409 0.019444
1783002984.970727 -6.513856 42.255470 1.395970 0.008397 0.021873 -0.999721 0.002966
1783002987.070333 -7.531948 42.194817 1.394084 0.005074 0.028725 -0.999257 0.025198
1783002989.370342 -8.584353 42.124458 1.431075 -0.001979 0.029155 -0.999573 0.000279
1783002991.621293 -9.593556 42.118732 1.435577 0.002501 0.021787 -0.999759 0.000629
1783002993.720424 -10.597271 42.080521 1.456320 0.002606 -0.035455 0.999298 0.011854
1783002995.871224 -11.607066 42.051945 1.450575 0.001451 0.024302 -0.999383 0.025298
1783002998.021689 -12.623425 41.986752 1.469255 0.000875 0.029118 -0.999527 0.009864
1783003000.170117 -13.645429 41.911278 1.479757 0.003223 0.026600 -0.998405 0.049691
1783003002.272245 -14.637852 41.806683 1.498811 0.001825 0.027412 -0.998599 0.045219
1783003004.521268 -15.710393 41.705730 1.521746 0.001513 -0.021066 0.999085 0.037185
1783003006.719497 -16.733362 41.779949 1.546883 0.004201 -0.031905 0.997724 0.059260
1783003008.976747 -17.764431 41.838943 1.573259 -0.000483 -0.022668 0.999705 0.008741
1783003011.420274 -18.769300 41.838745 1.604078 -0.001081 -0.027363 0.999516 0.014774
1783003014.119467 -19.786970 41.794552 1.604004 0.003045 0.027308 -0.997423 0.066274
1783003016.968988 -20.807390 41.653366 1.674230 0.006864 0.034487 -0.995462 0.088422
1783003017.869179 -21.126425 41.457603 1.665238 -0.003242 0.056958 -0.932620 0.356321
1783003019.869193 -21.459423 40.792652 1.622095 0.016558 0.036253 -0.813817 0.579753
1783003022.219457 -21.579275 39.775288 1.561892 0.004120 0.035746 -0.726578 0.686141
1783003024.569439 -21.613132 38.718571 1.543898 0.013092 0.022008 -0.692817 0.720659
1783003027.169545 -21.521021 37.706306 1.508950 0.016183 0.026133 -0.673432 0.738610
1783003029.919070 -21.490557 36.665039 1.471663 0.014233 0.030034 -0.742824 0.668661
1783003032.619175 -21.516005 35.626312 1.434797 0.017193 0.030571 -0.731324 0.681128
1783003034.968921 -21.553167 34.611629 1.407227 0.019763 0.022597 -0.711810 0.701730
1783003037.722640 -21.561773 33.536255 1.388412 0.014735 0.030640 -0.701590 0.711769
1783003040.118845 -21.656822 32.490997 1.367116 0.006754 0.044010 -0.772400 0.633574
1783003042.418891 -21.910383 31.479568 1.367214 0.005491 0.026135 -0.907768 0.418623
1783003043.319346 -22.177948 31.252987 1.374267 -0.001371 0.010722 -0.985205 0.171041
1783003046.571215 -23.192270 31.053080 1.443506 -0.008866 0.024323 -0.998010 0.057500
1783003048.618571 -23.870043 31.046501 1.459019 0.001296 0.070822 -0.946021 0.316271
1783003049.318939 -24.023405 30.824915 1.446474 -0.005330 0.075012 -0.820584 0.566557
1783003051.768440 -24.158350 29.791224 1.395990 0.030488 0.015424 -0.730113 0.682472
1783003058.022718 -24.137749 28.766203 1.309840 0.010026 0.038930 -0.716941 0.695974
1783003061.974895 -24.069761 29.951447 1.359708 0.014589 0.038855 -0.732740 0.679242
1783003066.818794 -24.033371 28.893278 1.328853 0.028858 0.027835 -0.716782 0.696144
1783003074.168148 -24.067568 27.752605 1.269195 0.013065 0.030915 -0.751349 0.659051
1783003076.318628 -24.121199 26.734764 1.200118 0.020180 0.023197 -0.723970 0.689145
1783003078.468059 -24.211775 25.677023 1.129152 -0.014128 0.057182 -0.758690 0.648783
1783003080.668466 -24.319654 24.627552 1.087360 0.002963 0.046308 -0.739524 0.671529
1783003082.969155 -24.367481 23.541788 1.113368 0.077977 -0.022600 -0.722033 0.687078
1783003085.569023 -24.415888 22.508251 1.024737 0.050231 0.010049 -0.749270 0.660280
1783003088.167011 -24.508762 21.487661 1.048519 0.091130 -0.038222 -0.739178 0.666221
1783003089.469145 -24.635029 19.571705 0.927333 0.072059 -0.037060 -0.605996 0.791330
1783003090.367693 -24.573963 19.130239 0.881851 0.043582 -0.042453 -0.391179 0.918301
1783003092.817540 -23.768660 18.463524 1.018612 0.022273 -0.006696 -0.330505 0.943518
1783003093.817087 -23.479694 18.128559 1.052813 0.057220 -0.010632 -0.589026 0.806016
1783003096.419197 -23.331160 17.032400 0.996495 0.021668 0.021013 -0.748368 0.662596
1783003098.667444 -23.453691 15.985668 0.970073 0.017427 0.019041 -0.753892 0.656492
1783003101.068241 -23.614532 14.929857 0.921577 0.020072 0.018058 -0.773615 0.633081
1783003103.422062 -23.750940 13.916066 0.873348 0.021395 0.022913 -0.758100 0.651384
1783003105.717692 -23.874212 12.892481 0.840526 0.015491 0.021283 -0.734423 0.678181
1783003107.867135 -23.928123 11.830305 0.805362 0.014086 0.023989 -0.759836 0.649519
1783003109.967194 -24.091789 10.757413 0.741220 0.016788 0.028286 -0.754638 0.655316
1783003112.016768 -24.208954 9.720227 0.645117 0.017417 0.032738 -0.784174 0.619433
1783003114.116697 -24.400362 8.654886 0.597456 0.010486 0.033316 -0.783758 0.620083
1783003116.166388 -24.550091 7.630394 0.551645 0.017628 0.039882 -0.756204 0.652882
1783003117.816895 -24.547249 6.822386 0.509472 -0.007404 0.053778 -0.557045 0.828706
1783003118.766734 -24.304480 6.517203 0.509908 0.003392 0.029726 -0.296398 0.954596
1783003120.117362 -23.767582 6.293633 0.481632 0.037422 0.007493 -0.037067 0.998584
1783003122.216833 -22.779257 6.077070 0.464836 0.029404 0.018002 -0.144271 0.988937
1783003124.266168 -21.780844 5.864633 0.458257 0.021477 0.012623 -0.079024 0.996561
1783003126.516780 -20.715652 5.685633 0.415706 0.024429 0.014286 -0.082913 0.996155
1783003128.716543 -19.651318 5.516507 0.397020 0.022906 0.015314 -0.076199 0.996712
1783003131.065930 -18.546099 5.325943 0.392888 0.022895 0.011618 -0.091753 0.995451
1783003133.266134 -17.536613 5.145839 0.372566 0.026978 0.011259 -0.068495 0.997223
1783003135.366970 -16.514528 5.025255 0.378091 0.024318 0.009329 -0.069231 0.997261
1783003137.566316 -15.484054 4.995501 0.368414 0.033743 0.008976 0.012889 0.999307
1783003139.716146 -14.446638 4.924391 0.376777 0.026740 0.010625 -0.051883 0.998239
1783003142.016072 -13.408878 4.690856 0.347734 0.036583 0.022582 -0.118568 0.992015
1783003144.667619 -12.372703 4.442210 0.318493 0.050549 0.013518 -0.054475 0.997143
1783003146.965864 -11.370422 4.282558 0.313317 0.021615 0.015631 -0.097946 0.994834
1783003149.216231 -10.366561 4.113019 0.281989 0.031967 0.020040 -0.069158 0.996892
1783003151.415837 -9.365602 3.827359 0.251781 0.026789 0.027645 -0.171492 0.984433
1783003153.716163 -8.350574 3.468677 0.236724 0.019325 0.016557 -0.172496 0.984682
1783003155.815948 -7.379551 3.193333 0.209827 0.027329 0.015774 -0.108655 0.993579
1783003157.915671 -6.382439 2.956248 0.191224 0.020877 0.016416 -0.103045 0.994322
1783003160.215930 -5.297378 2.786499 0.172099 0.021807 0.014853 -0.053224 0.998234
1783003162.317382 -4.299660 2.679732 0.134773 0.033877 0.018579 -0.060251 0.997435
1783003164.465326 -3.248091 2.568619 0.122390 0.015935 0.010469 -0.075488 0.996964
1783003166.722270 -2.260166 2.328798 0.137688 0.033629 0.016769 -0.183461 0.982308
1783003168.916663 -1.259633 1.944646 0.081844 0.022350 0.010950 -0.176350 0.984013
1783003170.615867 -0.593319 1.597204 0.059617 0.051308 0.000861 -0.482440 0.874424
1783003172.365155 -0.216442 1.096775 0.001052 -0.009262 0.022196 -0.239318 0.970643
