1 5.54634e-11 -4.42389e-14 -7.632e-05 -5.54634e-11 1 -2.85114e-14 1.09296e-05 4.42389e-14 2.85114e-14 1 -9.73896e-06
0.848029 -0.529833 0.0111505 0.121005 0.529929 0.847995 -0.00891887 0.0502791 -0.00473004 0.0134724 0.999898 -0.00288252
0.468545 -0.881611 -0.0568168 0.21237 0.883432 0.467837 0.0259973 0.131567 0.0036615 -0.0623747 0.998046 -0.0104033
-0.0470295 -0.998021 -0.0417376 0.284861 0.998867 -0.0472903 0.00528194 0.323845 -0.00724527 -0.0414419 0.999115 0.00882594
-0.554882 -0.830105 -0.0550487 0.266073 0.831854 -0.554503 -0.0233404 0.443537 -0.0111497 -0.0587437 0.998211 0.0149831
-0.900049 -0.434943 -0.0271424 0.0816349 0.435754 -0.899019 -0.0433884 0.680795 -0.00553007 -0.0508791 0.99869 0.0132739
-0.992969 -0.118373 -0.000552617 -0.923584 0.118369 -0.992869 -0.0141525 0.824547 0.00112659 -0.0141184 0.9999 0.0211271
-0.993023 -0.11638 -0.0189988 -1.92299 0.116426 -0.993198 -0.00135959 0.911707 -0.0187114 -0.00356207 0.999819 0.0186475
-0.853705 -0.520732 -0.0050505 -2.90894 0.520703 -0.853716 0.00606456 1.09867 -0.00746971 0.00254754 0.999969 0.0124624
-0.496702 -0.867905 -0.00524712 -3.17861 0.867879 -0.496729 0.00680241 1.31561 -0.00851024 -0.00117509 0.999963 0.0367102
-0.00300732 -0.999995 0.000191085 -3.23906 0.999912 -0.0030046 0.0129092 1.41337 -0.0129086 0.00022989 0.999917 0.040253
0.0572516 -0.998302 0.0107678 -3.10065 0.998311 0.0573519 0.0092409 2.43096 -0.00984276 0.0102206 0.999899 0.0426397
0.178847 -0.983766 -0.0147418 -2.94443 0.983825 0.178971 -0.00758941 3.43363 0.0101046 -0.013146 0.999863 0.0712122
0.0691315 -0.997593 0.00530392 -2.77708 0.997576 0.0691708 0.00761852 4.41334 -0.00796706 0.00476439 0.999957 0.0700067
0.0995238 -0.99503 -0.00334377 -2.75007 0.994886 0.0995666 -0.016984 5.40627 0.0172325 -0.00163636 0.99985 0.0984137
0.11746 -0.993076 -0.00168309 -2.65616 0.993073 0.117454 0.00325237 6.41282 -0.00303217 -0.00205346 0.999993 0.102307
0.149559 -0.988749 -0.00268051 -2.52892 0.988751 0.149553 0.00247572 7.39557 -0.00204699 -0.00302063 0.999993 0.122906
0.129812 -0.991532 -0.00361641 -2.42668 0.991538 0.129816 -0.000911803 8.38448 0.00137355 -0.00346744 0.999993 0.131551
-0.00142479 -0.999979 0.00640021 -2.31966 0.99997 -0.00147383 -0.0076632 9.38048 0.00767246 0.0063891 0.99995 0.164502
0.0152405 -0.99984 0.0093399 -2.3641 0.99966 0.0150386 -0.0213222 10.3668 0.0211783 0.00966168 0.999729 0.219282
-0.0107324 -0.999292 0.0360544 -2.3839 0.999701 -0.0115154 -0.0215795 11.3558 0.0219794 0.035812 0.999117 0.293361
-0.311756 -0.95015 -0.00473015 -2.46776 0.949396 -0.3113 -0.0417108 12.3408 0.0381591 -0.0174944 0.999119 0.335394
-0.692423 -0.72075 0.0327085 -2.97622 0.719657 -0.693183 -0.0398919 13.181 0.0514251 -0.00408319 0.998669 0.445216
-0.393011 -0.917716 0.0577915 -3.6647 0.919396 -0.393263 0.00743044 13.9272 0.0159082 0.0560535 0.998301 0.471715
0.129332 -0.987863 0.0860185 -3.844 0.991573 0.129499 -0.00366316 14.4101 -0.00752058 0.0857674 0.996287 0.478569
0.0934591 -0.995234 0.0278443 -3.70902 0.995623 0.0934428 -0.00188866 15.4049 -0.000722195 0.027899 0.99961 0.465852
0.104359 -0.994539 0.000849027 -3.60071 0.994535 0.104361 0.00283326 16.3952 -0.00290639 0.000548712 0.999996 0.467845
0.0298148 -0.99955 0.00318307 -3.54899 0.999549 0.0298027 -0.00378405 17.3825 0.00368748 0.00329445 0.999988 0.500894
0.0794331 -0.996138 0.0374143 -3.51774 0.996826 0.0791747 -0.00833846 18.3856 0.00534399 0.0379579 0.999265 0.498632
0.092245 -0.995396 0.026018 -3.38909 0.995728 0.0921048 -0.00653933 19.3887 0.00411285 0.0265101 0.99964 0.511054
0.0759125 -0.997112 -0.00215903 -3.30667 0.9971 0.0758997 0.00549258 20.3719 -0.00531285 -0.00256972 0.999983 0.545083
0.0498553 -0.998756 -0.000725792 -3.27322 0.998756 0.0498554 -1.60477e-05 21.3723 5.22124e-05 -0.000724089 1 0.560819
0.0189397 -0.999766 0.0104512 -3.27632 0.999812 0.0188962 -0.00424852 22.3744 0.00405004 0.0105297 0.999936 0.587668
0.079659 -0.996362 0.0302772 -3.19822 0.996775 0.0793214 -0.0121918 23.3612 0.00974583 0.0311507 0.999467 0.61265
0.0639089 -0.997588 0.02708 -3.0952 0.997956 0.0638987 -0.0012456 24.353 -0.000487776 0.0271042 0.999632 0.662188
0.0815276 -0.996656 0.00544775 -3.04593 0.996587 0.0814487 -0.0133971 25.352 0.0129086 0.0065214 0.999895 0.657324
0.0774138 -0.99687 0.0160218 -3.00514 0.996934 0.0772157 -0.0126375 26.3405 0.0113608 0.016951 0.999792 0.71849
0.0217372 -0.999755 0.00407738 -2.95149 0.999705 0.0216913 -0.0109632 27.3281 0.0108721 0.00431448 0.999932 0.737325
0.0249165 -0.995874 -0.0872618 -2.92836 0.999671 0.0253522 -0.00388913 28.3215 0.00608537 -0.0871362 0.996178 0.729685
0.053474 -0.996944 -0.0569449 -2.84302 0.998565 0.0535524 0.000149136 29.3091 0.00290086 -0.0568712 0.998377 0.773668
0.0801726 -0.996505 -0.0234377 -2.69106 0.996737 0.0803668 -0.00746326 30.3387 0.00932079 -0.0227629 0.999697 0.833724
0.609293 -0.792457 0.0278244 -2.44986 0.792676 0.607796 -0.0474256 31.2825 0.0206712 0.0509518 0.998487 0.86341
0.937261 -0.348523 0.00854481 -2.15475 0.348197 0.934602 -0.0726558 31.7342 0.0173362 0.0710727 0.99732 0.879105
0.995116 0.0915302 0.0369663 -1.14873 -0.0905686 0.995527 -0.026902 31.7129 -0.0392633 0.0234226 0.998954 0.928654
0.899775 -0.436323 0.00514167 -0.579068 0.434633 0.897211 0.0781467 31.7301 -0.0387104 -0.0680797 0.996929 0.912314
0.544107 -0.837843 -0.0443543 -0.253987 0.838761 0.544485 0.00412046 32.0378 0.0206979 -0.0394446 0.999007 0.90638
0.0471529 -0.995727 -0.0794043 -0.208885 0.998757 0.0482814 -0.0123522 32.3076 0.0161332 -0.0787232 0.996766 0.907045
0.0875338 -0.996058 -0.0143356 -0.283794 0.995621 0.0879511 -0.0316651 33.305 0.0328011 -0.0115011 0.999396 0.945418
0.00697351 -0.999964 -0.00474769 -0.220167 0.999696 0.00708385 -0.023633 34.2986 0.0236658 -0.00458144 0.999709 0.996983
0.100916 -0.994327 -0.0336135 -0.194145 0.994096 0.102131 -0.0366456 35.3155 0.0398707 -0.029717 0.998763 1.05878
0.0642631 -0.997777 0.017645 -0.105101 0.99708 0.0634671 -0.0424705 36.3132 0.0412562 0.0203228 0.998942 1.10277
-0.0646048 -0.997726 -0.0192325 -0.123244 0.996958 -0.0636889 -0.0449373 37.3188 0.0436102 -0.0220771 0.998805 1.15473
0.0777851 -0.996955 -0.0055084 -0.0753917 0.99632 0.0779326 -0.0356684 38.3117 0.0359891 -0.00271366 0.999348 1.17383
-0.0348662 -0.999316 -0.012342 -0.0132138 0.99888 -0.0344503 -0.0324413 39.3097 0.031994 -0.0134593 0.999397 1.23592
-0.152052 -0.988365 -0.00380757 -0.0360875 0.988059 -0.151905 -0.0257607 40.3003 0.0248826 -0.00767906 0.999661 1.28923
0.0113925 -0.999703 -0.0215322 -0.166158 0.999409 0.012082 -0.0321678 41.2846 0.0324184 -0.021153 0.999251 1.34087
-0.015462 -0.99958 -0.024493 -0.191227 0.999327 -0.0146341 -0.0336299 42.2856 0.0332574 -0.0249965 0.999134 1.40614
-0.549426 -0.830911 -0.0878489 -0.28489 0.835229 -0.543297 -0.0849729 42.8117 0.0228769 -0.12006 0.992503 1.42733
-0.88942 -0.456929 -0.0121925 -0.539378 0.45696 -0.88821 -0.0476512 43.0179 0.0109437 -0.0479534 0.99879 1.40082
-0.995691 -0.0920617 -0.0111614 -1.51627 0.0924109 -0.995056 -0.0363845 43.2861 -0.00775664 -0.0372592 0.999276 1.43202
-0.969912 0.243345 -0.0073172 -2.51297 -0.242846 -0.969173 -0.0415893 43.2243 -0.0172122 -0.0385611 0.999108 1.43455
-0.675535 0.736064 0.0431632 -2.9346 -0.736064 -0.669794 -0.0979086 42.8889 -0.0431566 -0.0979115 0.994259 1.43034
-0.961404 0.274406 -0.0200992 -3.43545 -0.27404 -0.961526 -0.0192177 42.407 -0.0245993 -0.012968 0.999613 1.37336
-0.999599 -0.015765 -0.0235022 -4.45426 0.017036 -0.998346 -0.0549026 42.3091 -0.0225978 -0.055281 0.998215 1.38107
-0.999118 0.0392978 -0.0147935 -5.49304 -0.0384339 -0.997761 -0.0547398 42.2774 -0.0169115 -0.0541229 0.998391 1.38269
-0.999841 0.00629798 -0.0166592 -6.51386 -0.00556334 -0.999026 -0.0437831 42.2555 -0.0169187 -0.0436835 0.998902 1.39597
-0.998679 0.0506497 -0.00869254 -7.53195 -0.0500667 -0.99708 -0.0576633 42.1948 -0.0115878 -0.0571519 0.998298 1.39408
-0.999992 0.000442159 0.00397227 -8.58435 -0.000672933 -0.9983 -0.0582841 42.1245 0.00393975 -0.0582863 0.998292 1.43107
-0.999987 0.00136638 -0.0049737 -9.59356 -0.00114841 -0.99905 -0.0435672 42.1187 -0.0050285 -0.0435609 0.999038 1.43558
-0.999705 -0.0238765 0.00436848 -10.5973 0.0235069 -0.997205 -0.0709222 42.0805 0.00604964 -0.0707986 0.997472 1.45632
-0.998716 0.0506361 -0.00167118 -11.6071 -0.050495 -0.997539 -0.048648 42.0519 -0.00413041 -0.0485011 0.998815 1.45058
-0.999804 0.0197691 -0.001175 -12.6234 -0.0196672 -0.99811 -0.0582257 41.9868 -0.00232385 -0.0581912 0.998303 1.46925
-0.995041 0.0993951 -0.00379144 -13.6454 -0.0990523 -0.993647 -0.0534346 41.9113 -0.0090785 -0.0527941 0.998564 1.47976
-0.995904 0.0904115 -0.00116626 -14.6379 -0.0902114 -0.994408 -0.0549119 41.8067 -0.00612441 -0.0545818 0.998491 1.49881
-0.99723 -0.0743646 0.00145579 -15.7104 0.0742372 -0.996347 -0.0422055 41.7057 0.00458907 -0.0419805 0.999108 1.52175
-0.992941 -0.118518 0.00460063 -16.7334 0.117981 -0.990941 -0.0641617 41.7799 0.0121632 -0.063166 0.997929 1.54688
-0.999847 -0.017454 -0.00136217 -17.7644 0.0174978 -0.99882 -0.045314 41.8389 -0.000569654 -0.0453309 0.998972 1.57326
-0.999561 -0.0294735 -0.00296857 -18.7693 0.0295918 -0.998066 -0.054667 41.8387 -0.00135159 -0.0547309 0.9985 1.60408
-0.991197 0.132373 -0.00245486 -19.787 -0.13204 -0.989724 -0.0548783 41.7946 -0.00969404 -0.054071 0.99849 1.604
-0.984269 0.176516 -0.00756589 -20.8074 -0.175569 -0.981984 -0.0698749 41.6534 -0.0197636 -0.0674474 0.997527 1.67423
-0.74605 0.664255 0.0466375 -21.1264 -0.664993 -0.739583 -0.103931 41.4576 -0.0345444 -0.108551 0.99349 1.66524
-0.327224 0.944826 0.0150858 -21.4594 -0.942425 -0.325144 -0.0782054 40.7927 -0.0689854 -0.0398079 0.996823 1.62209
-0.0583873 0.997365 0.0430671 -21.5793 -0.996776 -0.0558657 -0.0575977 39.7753 -0.05504 -0.0462912 0.997411 1.56189
0.0390414 0.999145 0.0135794 -21.6131 -0.997993 0.0396673 -0.0493647 38.7186 -0.0498612 -0.0116248 0.998689 1.5439
0.0916123 0.995653 0.0168076 -21.521 -0.993961 0.0924543 -0.0591043 37.7063 -0.0604013 -0.0112914 0.99811 1.50895
-0.10538 0.99425 0.0190204 -21.4906 -0.99254 -0.103981 -0.0636546 36.665 -0.0613109 -0.0255865 0.997791 1.47166
-0.0715394 0.997301 0.0164988 -21.516 -0.995199 -0.0702614 -0.0681357 35.6263 -0.0667926 -0.021294 0.99754 1.4348
-0.0143683 0.99989 0.00357924 -21.5532 -0.998104 -0.0141282 -0.0599065 34.6116 -0.0598493 -0.0044332 0.998198 1.40723
0.013665 0.999643 0.0229415 -21.5618 -0.997837 0.0151085 -0.0639701 33.5363 -0.0642939 -0.0220178 0.997688 1.38841
-0.197077 0.979339 0.0453333 -21.6568 -0.97815 -0.193295 -0.0765461 32.491 -0.0662019 -0.0594283 0.996035 1.36712
-0.64945 0.760311 0.0119132 -21.9104 -0.759737 -0.648144 -0.052046 31.4796 -0.0318496 -0.0428522 0.998574 1.36721
-0.941486 0.336991 0.00636954 -22.1779 -0.337049 -0.94126 -0.0206586 31.253 -0.000966349 -0.0215966 0.999766 1.37427
-0.99323 0.114339 0.0204936 -23.1923 -0.115202 -0.992204 -0.0475289 31.0531 0.0148994 -0.049568 0.99866 1.44351
-0.799942 0.598581 0.0423452 -23.87 -0.598214 -0.789914 -0.134819 31.0465 -0.0472512 -0.133179 0.989965 1.45902
-0.357969 0.929016 0.0937444 -24.0234 -0.930615 -0.346772 -0.117068 30.8249 -0.0762502 -0.129147 0.98869 1.44647
-0.0666059 0.997503 -0.0234661 -24.1584 -0.995622 -0.0679891 -0.0641362 29.7912 -0.0655715 0.0190916 0.997665 1.39599
-0.0310385 0.998725 0.0398121 -24.1377 -0.997164 -0.0282084 -0.0697769 28.7662 -0.0685649 -0.041865 0.996768 1.30984
-0.0768358 0.996549 0.0314036 -24.0698 -0.994282 -0.0742422 -0.0767593 29.9514 -0.0741629 -0.0371218 0.996555 1.35971
-0.029102 0.999573 -0.00261571 -24.0334 -0.99636 -0.029218 -0.0800823 28.8933 -0.0801245 0.00027563 0.996785 1.32885
-0.130962 0.991163 0.0211161 -24.0676 -0.989547 -0.129392 -0.0636774 27.7526 -0.0603824 -0.0292346 0.997747 1.26919
-0.0493426 0.998778 0.00275306 -24.1212 -0.996906 -0.0490809 -0.0614015 26.7348 -0.0611914 -0.00577426 0.998109 1.20012
-0.157762 0.982835 0.0956352 -24.2118 -0.986067 -0.151621 -0.0684354 25.677 -0.0527604 -0.105099 0.993061 1.12915
-0.0980803 0.993498 0.0578111 -24.3197 -0.992949 -0.0938091 -0.0724707 24.6276 -0.0665763 -0.0645114 0.995694 1.08736
-0.0436859 0.988663 -0.143659 -24.3675 -0.995712 -0.0548251 -0.0745166 23.5418 -0.0815479 0.139788 0.986818 1.11337
-0.123013 0.990466 -0.0620036 -24.4159 -0.988447 -0.127857 -0.0813922 22.5083 -0.0885438 0.051275 0.994752 1.02474
-0.0956907 0.977945 -0.185652 -24.5088 -0.991878 -0.109378 -0.0649194 21.4877 -0.0837939 0.177932 0.980469 1.04852
0.262791 0.953744 -0.145988 -24.635 -0.964426 0.255153 -0.0691293 19.5717 -0.0286824 0.158962 0.986868 0.927333
0.690353 0.714741 -0.112066 -24.574 -0.722141 0.690159 -0.0468287 19.1302 0.0438727 0.113256 0.992597 0.881851
0.781443 0.623376 -0.0273586 -23.7687 -0.623973 0.780541 -0.0376028 18.4635 -0.00208622 0.0464555 0.998918 1.01861
0.305871 0.948311 -0.084547 -23.4797 -0.950745 0.299549 -0.079716 18.1286 -0.0502696 0.104765 0.993226 1.05281
-0.120993 0.992643 -0.00458476 -23.3312 -0.990821 -0.121049 -0.0601654 17.0324 -0.0602777 -0.00273694 0.998178 0.996495
-0.13743 0.990511 -0.00127457 -23.4537 -0.989183 -0.137312 -0.0515908 15.9857 -0.0512763 -0.00582934 0.998667 0.970073
-0.197611 0.980246 -0.00819104 -23.6145 -0.978796 -0.197765 -0.0533536 14.9299 -0.0539196 -0.00252592 0.998542 0.921577
-0.150482 0.988609 -0.0025882 -23.7509 -0.986649 -0.150347 -0.0626129 13.9161 -0.0622888 -0.00686847 0.998035 0.873348
-0.0796608 0.996803 0.00611423 -23.8742 -0.995484 -0.0792348 -0.0522731 12.8925 -0.0516215 -0.0102507 0.998614 0.840526
-0.155852 0.987732 0.00975649 -23.9281 -0.98638 -0.155098 -0.0547542 11.8303 -0.0525693 -0.0181572 0.998452 0.805361
-0.140557 0.990003 0.011734 -24.0918 -0.988104 -0.139521 -0.0646941 10.7574 -0.0624102 -0.0206876 0.997836 0.74122
-0.232 0.972626 0.0132416 -24.209 -0.970345 -0.230463 -0.0729216 9.72023 -0.0678737 -0.0297668 0.99725 0.645117
-0.230773 0.972689 0.0248799 -24.4004 -0.971292 -0.228773 -0.0652281 8.65489 -0.0577549 -0.0392185 0.99756 0.597456
-0.14687 0.988829 0.0254152 -24.5501 -0.986017 -0.14431 -0.0833366 7.63039 -0.078738 -0.0372995 0.996197 0.551645
0.373618 0.922457 0.0973811 -24.5472 -0.92405 0.379292 -0.0476422 6.82239 -0.0808837 -0.0721851 0.994106 0.509472
0.822529 0.566082 0.0547416 -24.3045 -0.565679 0.824274 -0.0240981 6.5172 -0.0587636 -0.0111448 0.99821 0.509908
0.99714 0.0745889 0.0121905 -23.7676 -0.0734673 0.994451 -0.0752931 6.29363 -0.0177388 0.0741822 0.997087 0.481632
0.957723 0.28641 0.0271216 -22.7793 -0.284292 0.956642 -0.0633512 6.07707 -0.04409 0.0529624 0.997623 0.464836
0.987192 0.158048 0.021765 -21.7808 -0.156963 0.986588 -0.0448017 5.86463 -0.0285538 0.0408116 0.998759 0.458257
0.985843 0.165886 0.0244115 -20.7157 -0.16449 0.985057 -0.0510387 5.68563 -0.0325133 0.0463007 0.998398 0.415706
0.987918 0.152599 0.0270363 -19.6513 -0.151196 0.987338 -0.0479956 5.51651 -0.0340181 0.0433279 0.998482 0.39702
0.982893 0.183204 0.0189297 -18.5461 -0.18214 0.982114 -0.0477127 5.32594 -0.0273323 0.0434487 0.998682 0.392888
0.990363 0.137217 0.0187599 -17.5366 -0.136002 0.989161 -0.0553479 5.14584 -0.0261512 0.0522632 0.998291 0.372566
0.99024 0.138537 0.0152396 -16.5145 -0.13763 0.989231 -0.0497936 5.02526 -0.0219737 0.0472102 0.998643 0.378091
0.999507 -0.0251541 0.0188099 -15.4841 0.0263657 0.997391 -0.0672078 4.9955 -0.0170703 0.0676706 0.997562 0.368414
0.994391 0.104151 0.0184388 -14.4466 -0.103015 0.993186 -0.054489 4.92439 -0.0239883 0.0522839 0.998344 0.376777
0.970863 0.236895 0.0361288 -13.4089 -0.23359 0.969207 -0.0779368 4.69086 -0.0534791 0.0672266 0.996303 0.347734
0.993699 0.110005 0.0214506 -12.3727 -0.107272 0.988954 -0.102282 4.44221 -0.0324652 0.099337 0.994524 0.318493
0.980324 0.195556 0.0268653 -11.3704 -0.194205 0.979879 -0.0460692 4.28256 -0.0353338 0.0399454 0.998577 0.313317
0.989631 0.139167 0.0355348 -10.3666 -0.136604 0.988391 -0.0665075 4.11302 -0.0443779 0.0609637 0.997153 0.281989
0.939652 0.339126 0.0452403 -9.3656 -0.336164 0.939746 -0.062225 3.82736 -0.0636165 0.0432617 0.997036 0.251781
0.939942 0.340347 0.0259391 -8.35057 -0.339067 0.939744 -0.0437695 3.46868 -0.0392729 0.0323458 0.998705 0.236724
0.975891 0.216776 0.0254075 -7.37955 -0.215052 0.974895 -0.0577349 3.19333 -0.0372852 0.050879 0.998009 0.209827
0.978224 0.205606 0.028343 -6.38244 -0.204235 0.977892 -0.0449005 2.95625 -0.0369482 0.0381341 0.998589 0.191224
0.993893 0.106908 0.0273325 -5.29738 -0.105612 0.993383 -0.0451172 2.7865 -0.031975 0.0419551 0.998608 0.172099
0.992049 0.121452 0.0329811 -4.29966 -0.118934 0.990444 -0.0698186 2.67973 -0.0411456 0.0653409 0.997014 0.134773
0.988384 0.150851 0.0184684 -3.24809 -0.150184 0.988095 -0.033353 2.56862 -0.0232799 0.0301919 0.999273 0.12239
0.932121 0.361559 0.0206059 -2.26017 -0.359303 0.930422 -0.0722212 2.3288 -0.0452844 0.0599152 0.997176 0.137688
0.937561 0.347552 0.0136675 -1.25963 -0.346573 0.936802 -0.0478469 1.94465 -0.029433 0.0401226 0.998761 0.0818437
0.534501 0.843804 -0.0479997 -0.593319 -0.843627 0.529238 -0.090561 1.5972 -0.0510124 0.0888988 0.994734 0.0596165
0.884468 0.464174 0.0475213 -0.216442 -0.464996 0.885282 0.00735635 1.09678 -0.0386551 -0.0286037 0.998843 0.00105249
