1783002843.7749379
1783002849.3239253
1783002849.8739898
1783002850.5741978
1783002851.0745935
1783002852.1736073
1783002856.4739211
1783002859.7238808
1783002864.4243197
1783002866.9750202
1783002867.9239988
1783002870.5228956
1783002872.6735899
1783002874.6747367
1783002876.7231143
1783002878.8235319
1783002880.9732285
1783002883.0726764
1783002885.273246
1783002887.573276
1783002889.8235712
1783002892.1245167
1783002895.1729498
1783002898.2724855
1783002899.6730535
1783002901.9227047
1783002904.0728188
1783002906.2728243
1783002908.6727121
1783002910.9227629
1783002913.1737905
1783002915.1220291
1783002917.3229728
1783002919.2738776
1783002921.571939
1783002924.3215744
1783002926.7218876
1783002929.3723612
1783002931.8728924
1783002934.5715604
1783002936.7234364
1783002938.6223357
1783002939.8217978
1783002942.0736229
1783002943.5227754
1783002944.6721566
1783002945.4718304
1783002947.6214361
1783002949.7215953
1783002951.8224998
1783002953.9217932
1783002956.1228096
1783002958.2210526
1783002960.5712605
1783002963.1713915
1783002965.571703
1783002967.971483
1783002969.1711257
1783002970.2199643
1783002972.7215619
1783002975.1214654
1783002976.3204699
1783002978.1700828
1783002980.5718508
1783002982.7707214
1783002984.970727
1783002987.0703332
1783002989.3703423
1783002991.6212931
1783002993.7204239
1783002995.8712242
1783002998.0216894
1783003000.1701167
1783003002.2722454
1783003004.5212677
1783003006.7194974
1783003008.9767468
1783003011.4202738
1783003014.1194665
1783003016.9689884
1783003017.8691785
1783003019.8691931
1783003022.2194574
1783003024.5694389
1783003027.1695447
1783003029.9190695
1783003032.6191747
1783003034.9689209
1783003037.72264
1783003040.1188445
1783003042.4188912
1783003043.3193464
1783003046.5712152
1783003048.6185708
1783003049.3189387
1783003051.7684395
1783003058.022718
1783003061.9748948
1783003066.8187935
1783003074.1681483
1783003076.3186281
1783003078.4680593
1783003080.6684659
1783003082.9691553
1783003085.5690234
1783003088.1670105
1783003089.4691448
1783003090.3676929
1783003092.8175402
1783003093.8170869
1783003096.4191966
1783003098.6674435
1783003101.0682414
1783003103.4220617
1783003105.7176924
1783003107.8671348
1783003109.9671938
1783003112.0167685
1783003114.1166973
1783003116.1663878
1783003117.816895
1783003118.7667341
1783003120.117362
1783003122.2168329
1783003124.2661676
1783003126.5167797
1783003128.7165427
1783003131.0659301
1783003133.2661343
1783003135.3669698
1783003137.5663159
1783003139.716146
1783003142.0160723
1783003144.667619
1783003146.9658637
1783003149.2162311
1783003151.4158373
1783003153.7161634
1783003155.8159485
1783003157.9156706
1783003160.2159302
1783003162.3173821
1783003164.4653258
1783003166.72227
1783003168.9166629
1783003170.6158667
1783003172.3651552
