[LEFT_CAM_2K]
fx = 1397.94
fy = 1397.94
cx = 1062.76
cy = 663.488
k1 = -0.169635
k2 = 0.0247921
p1 = 0
p2 = 0


[RIGHT_CAM_2K]
fx = 1402.16
fy = 1402.16
cx = 1073.19
cy = 584.049
k1 = -0.169729
k2 = 0.0253182
p1 = 0
p2 = 0


[LEFT_CAM_FHD]
fx = 1397.94
fy = 1397.94
cx = 918.764
cy = 582.488
k1 = -0.169635
k2 = 0.0247921
p1 = 0
p2 = 0


[RIGHT_CAM_FHD]
fx = 1402.16
fy = 1402.16
cx = 929.192
cy = 503.049
k1 = -0.169729
k2 = 0.0253182
p1 = 0
p2 = 0


[LEFT_CAM_HD]
fx = 698.968
fy = 698.968
cx = 617.882
cy = 379.744
k1 = -0.169635
k2 = 0.0247921
p1 = 0
p2 = 0


[RIGHT_CAM_HD]
fx = 701.082
fy = 701.082
cx = 623.096
cy = 340.025
k1 = -0.169729
k2 = 0.0253182
p1 = 0
p2 = 0


[LEFT_CAM_VGA]
fx = 349.484
fy = 349.484
cx = 324.441
cy = 197.372
k1 = -0.169635
k2 = 0.0247921
p1 = 0
p2 = 0


[RIGHT_CAM_VGA]
fx = 350.541
fy = 350.541
cx = 327.048
cy = 177.512
k1 = -0.169729
k2 = 0.0253182
p1 = 0
p2 = 0


[STEREO]
Baseline = 120
CV_2K = 0.00469491
CV_FHD = 0.00469491
CV_HD = 0.00469491
CV_VGA = 0.00469491
RX_2K = -0.0108481
RX_FHD = -0.0108481
RX_HD = -0.0108481
RX_VGA = -0.0108481
RZ_2K = 0.00215118
RZ_FHD = 0.00215118
RZ_HD = 0.00215118
RZ_VGA = 0.00215118
