# name: debug
# type: sparse matrix
# nnz: 36
# rows: 12
# columns: 12

1 1 1050.99573
2 1 -0.293220334
3 1 180.051074
1 2 -0.293220334
2 2 0.147474486
3 2 -0.147474486
1 3 180.051074
2 3 -0.147474486
3 3 3623.51473
4 4 495.036475
5 4 -0.0831367159
6 4 120.083999
4 5 -0.0831367159
5 5 0.0229584823
6 5 -0.0546141779
4 6 120.083999
5 6 -0.0546141779
6 6 3584.82175
7 7 427.398467
8 7 0
9 7 314.707069
7 8 0
8 8 0
9 8 0
7 9 314.707069
8 9 0
9 9 16622.4783
10 10 227.37584
11 10 -0.00864319334
12 10 48.9176243
10 11 -0.00864319334
11 11 0.00216079833
12 11 0.0743314627
10 12 48.9176243
11 12 0.0743314627
12 12 2479.69499
