image: full_lab_map_01.pgm
resolution: 0.050000
origin: [-26.000000, -21.200000, 0.000000]
negate: 0
occupied_thresh: 0.65
free_thresh: 0.196

