1 -4.06968e-13 3.40118e-13 -3.10837e-16 4.06968e-13 1 6.25728e-14 -1.33505e-16 -3.40118e-13 -6.25728e-14 1 3.33249e-16
0.978337 -0.204799 0.0302289 0.956775 0.204975 0.978763 -0.00279618 -0.0786659 -0.0290143 0.00893179 0.999539 0.0199988
0.96568 -0.240444 0.0982244 3.10526 0.239701 0.970651 0.019474 0.339605 -0.100024 0.0047388 0.994974 -0.0992548
0.910988 -0.379209 0.162177 5.00284 0.37459 0.925287 0.0593799 1.47418 -0.172578 0.00665555 0.984973 -0.333216
0.789742 -0.580747 0.197586 6.05806 0.567611 0.813955 0.12367 3.2388 -0.232647 0.0144846 0.972453 -0.63279
0.618535 -0.755631 0.215489 6.59012 0.732226 0.653789 0.190801 5.10725 -0.28506 0.0397692 0.957684 -0.980083
0.411646 -0.884443 0.219793 6.74506 0.844945 0.460759 0.271604 7.31719 -0.34149 0.0739078 0.936975 -1.49889
0.185959 -0.960529 0.206892 6.48051 0.901802 0.250446 0.352179 9.45092 -0.390093 0.121084 0.912779 -2.08748
0.00702935 -0.983594 0.180258 5.85994 0.901045 0.0844063 0.425432 11.2499 -0.433668 0.15943 0.886856 -2.70254
-0.143272 -0.979786 0.139617 4.9584 0.867996 -0.0566267 0.493332 12.9314 -0.475454 0.191868 0.858563 -3.36955
-0.322951 -0.94242 0.0868697 3.71329 0.801298 -0.223435 0.554975 14.4596 -0.50361 0.248839 0.827319 -4.10011
-0.501353 -0.865112 0.0150495 2.12711 0.692807 -0.390957 0.605947 15.7138 -0.518328 0.31422 0.795363 -4.87199
-0.642206 -0.764575 -0.0547403 0.546061 0.56745 -0.522211 0.636629 16.5219 -0.515337 0.377784 0.769225 -5.5207
-0.71393 -0.687811 -0.131225 -1.22323 0.454065 -0.597417 0.660998 17.1506 -0.533037 0.412322 0.738825 -6.27355
-0.795688 -0.568908 -0.207905 -2.99784 0.307952 -0.675535 0.669939 17.3947 -0.521581 0.469038 0.712711 -6.92213
-0.858413 -0.419493 -0.295216 -5.03555 0.127247 -0.731668 0.669679 17.3194 -0.496926 0.537296 0.681453 -7.62195
-0.853939 -0.344389 -0.390108 -7.22001 0.00793897 -0.758205 0.651968 16.9681 -0.520313 0.553644 0.650195 -8.41113
-0.864412 -0.183197 -0.46822 -9.06046 -0.173932 -0.7648 0.620345 16.18 -0.47174 0.617673 0.629239 -8.94893
-0.835874 -0.0866554 -0.542038 -10.793 -0.298197 -0.757364 0.580929 15.1943 -0.460861 0.647217 0.607221 -9.49868
-0.79771 0.0193465 -0.602731 -12.2625 -0.420498 -0.73426 0.532958 14.0744 -0.43225 0.678593 0.593862 -9.95988
-0.731107 0.103678 -0.67434 -14.0945 -0.530686 -0.707592 0.466569 12.3657 -0.428784 0.698974 0.572346 -10.6036
-0.656111 0.187851 -0.730911 -15.5832 -0.632962 -0.664385 0.397432 10.5193 -0.410948 0.723398 0.554813 -11.1888
-0.570332 0.250716 -0.782217 -16.8797 -0.715718 -0.618971 0.323454 8.64495 -0.403075 0.744323 0.532461 -11.8984
-0.502569 0.262912 -0.823591 -18.0587 -0.733203 -0.634378 0.244902 6.5018 -0.45808 0.72694 0.511587 -12.7191
-0.42855 0.29179 -0.855104 -18.9675 -0.770857 -0.611757 0.177576 4.5783 -0.471301 0.735263 0.487097 -13.6556
-0.375351 0.266389 -0.887777 -19.9409 -0.72158 -0.685144 0.0994964 2.23949 -0.58175 0.677949 0.449391 -14.9864
-0.306828 0.265395 -0.914014 -20.6935 -0.715342 -0.697766 0.0375301 0.378426 -0.627808 0.665348 0.403942 -16.5021
-0.226969 0.240447 -0.943753 -21.5059 -0.66534 -0.745936 -0.0300356 -1.7381 -0.711201 0.6211 0.329283 -18.7258
-0.188456 0.210285 -0.959304 -21.8817 -0.570593 -0.818469 -0.0673198 -3.0332 -0.799317 0.534685 0.274233 -20.5095
-0.137351 0.191512 -0.971832 -22.1772 -0.50108 -0.859764 -0.0986089 -4.21608 -0.854431 0.473422 0.214052 -22.5722
-0.100018 0.158889 -0.982217 -22.3745 -0.347988 -0.93041 -0.115074 -4.98833 -0.932148 0.330291 0.148349 -24.8344
-0.0653989 0.136176 -0.988524 -22.4511 -0.224086 -0.967346 -0.118434 -5.47169 -0.972373 0.213769 0.0937785 -26.8711
-0.00606886 0.0989765 -0.995071 -22.5325 -0.0755367 -0.992292 -0.0982394 -5.34684 -0.997125 0.0745682 0.0134984 -29.4494
0.0461218 0.0564031 -0.997342 -22.5165 0.078176 -0.995546 -0.0526863 -4.38787 -0.995872 -0.0755382 -0.0503257 -31.6644
0.107379 0.0155597 -0.994096 -22.3835 0.261113 -0.965219 0.0130969 -2.80664 -0.959317 -0.260978 -0.107708 -33.6306
0.156081 -0.0158937 -0.987616 -22.1042 0.42178 -0.903056 0.0811903 -1.10129 -0.893163 -0.429229 -0.134246 -34.9569
0.229932 -0.0342024 -0.972606 -21.5441 0.636714 -0.75053 0.176917 1.46641 -0.736021 -0.659951 -0.150794 -36.0394
0.295352 -0.0369942 -0.954672 -20.8958 0.770728 -0.581269 0.260969 3.73936 -0.564576 -0.81287 -0.143167 -36.471
0.356078 -0.0337043 -0.933848 -20.1879 0.83392 -0.439465 0.333837 5.67597 -0.421645 -0.897627 -0.128377 -36.6413
0.426192 -0.00227795 -0.90463 -19.2663 0.874746 -0.253882 0.412752 7.8702 -0.230609 -0.967233 -0.10621 -36.4926
0.485315 0.0318074 -0.87376 -18.36 0.869295 -0.124746 0.478294 9.7326 -0.0937848 -0.991679 -0.0881912 -36.0797
0.547591 0.0958861 -0.831234 -17.1599 0.832102 0.0421095 0.553021 11.7951 0.0880299 -0.994501 -0.0567282 -35.2952
0.600645 0.188741 -0.776918 -15.8073 0.74791 0.210818 0.629434 13.7339 0.282589 -0.959131 -0.0145345 -34.1289
0.637916 0.246392 -0.729626 -14.5388 0.661078 0.310775 0.682931 15.17 0.395018 -0.917993 0.0353641 -32.8304
0.656837 0.342575 -0.67172 -12.9578 0.523397 0.434129 0.733204 16.5214 0.54279 -0.833171 0.10585 -30.9601
0.671861 0.391247 -0.628911 -11.7669 0.425793 0.490755 0.760171 17.2821 0.606056 -0.778515 0.163129 -29.4355
0.666283 0.48081 -0.569991 -10.0734 0.261717 0.56497 0.782505 17.9616 0.698263 -0.670546 0.250594 -27.1082
0.658612 0.532648 -0.531523 -8.88341 0.151914 0.597696 0.787198 18.1645 0.736989 -0.599204 0.312733 -25.3597
0.632096 0.611412 -0.476058 -7.27893 -0.0100319 0.62076 0.783936 18.0992 0.774826 -0.490747 0.398514 -22.905
0.601437 0.665527 -0.441982 -6.20979 -0.122523 0.623516 0.77215 17.7859 0.789469 -0.410247 0.456548 -21.1639
0.562019 0.729893 -0.38909 -4.809 -0.277822 0.609667 0.742375 16.9257 0.77907 -0.309131 0.545425 -18.6851
0.531555 0.760306 -0.373341 -4.39484 -0.376113 0.606799 0.700239 15.7329 0.758939 -0.231797 0.608508 -16.8938
0.491769 0.78373 -0.379383 -4.5286 -0.469051 0.60553 0.642903 14.0475 0.73359 -0.13821 0.66539 -15.1566
0.315978 0.859512 -0.401743 -5.14402 -0.668661 0.502144 0.548402 11.3564 0.67309 0.0953466 0.733388 -13.075
0.187346 0.885897 -0.424367 -5.84523 -0.788956 0.393075 0.472272 8.96466 0.585192 0.246328 0.772575 -11.8282
0.0866856 0.891611 -0.444428 -6.40812 -0.875755 0.280861 0.392646 6.5917 0.47491 0.355173 0.805179 -10.8126
-0.0218156 0.878573 -0.47711 -7.33796 -0.935944 0.149823 0.318686 4.40687 0.351471 0.453501 0.819027 -10.3679
-0.113505 0.853953 -0.507819 -8.24284 -0.974907 0.0027893 0.222596 1.63693 0.191503 0.520342 0.832208 -9.96738
-0.18103 0.821169 -0.541211 -9.21251 -0.981029 -0.11197 0.158256 -0.297636 0.0693555 0.559593 0.82586 -10.1046
-0.231033 0.77668 -0.585997 -10.5773 -0.966847 -0.250603 0.0490375 -3.45155 -0.108766 0.577899 0.808828 -10.6121
-0.292076 0.717839 -0.63198 -11.8827 -0.913519 -0.40503 -0.037864 -6.0441 -0.283151 0.566267 0.774059 -11.5586
