1683737575.8077307
1683737592.5597818
1683737593.8102298
1683737594.5116167
1683737594.9605527
1683737595.311002
1683737595.7100878
1683737596.0602067
1683737596.3103499
1683737596.5606928
1683737596.8108938
1683737597.0607121
1683737597.2604098
1683737597.4605155
1683737597.6609046
1683737597.8611608
1683737598.0612428
1683737598.2111728
1683737598.4112468
1683737598.5610638
1683737598.7611644
1683737598.9611967
1683737599.1112096
1683737599.3112926
1683737599.4613137
1683737599.6614017
1683737599.8113577
1683737600.0113788
1683737600.1613357
1683737600.3124399
1683737600.4616187
1683737600.6109729
1683737600.7608747
1683737600.9108098
1683737601.0613139
1683737601.1609046
1683737601.3108037
1683737601.4107296
1683737601.5106978
1683737601.6105907
1683737601.7604666
1683737601.8603346
1683737602.0104208
1683737602.1117907
1683737602.2605748
1683737602.3605528
1683737602.5104077
1683737602.6104558
1683737602.7604408
1683737602.8614507
1683737603.0105205
1683737603.1105897
1683737603.2106779
1683737603.3106878
1683737603.4607928
1683737603.5114048
1683737603.6608129
1683737603.7121577
1683737603.8607607
1683737603.9607499
1683737604.1114447
