1 -1.73934e-15 -3.71873e-16 -1.32415e-17 1.73934e-15 1 -3.04961e-16 -4.61429e-17 3.71873e-16 3.04961e-16 1 -4.02171e-18
0.848027 -0.529836 0.0111495 0.121085 0.529932 0.847993 -0.00892028 0.050261 -0.00472842 0.0134731 0.999898 -0.00287286
0.468536 -0.881616 -0.0568199 0.212455 0.883437 0.467828 0.0259947 0.131534 0.00366459 -0.0623763 0.998046 -0.0103933
-0.0470533 -0.99802 -0.0417437 0.284949 0.998866 -0.047314 0.00527921 0.323788 -0.00724381 -0.041448 0.999114 0.00883719
-0.554913 -0.830086 -0.0550566 0.266165 0.831835 -0.554534 -0.0233435 0.443447 -0.0111537 -0.0587516 0.99821 0.0149951
-0.900062 -0.434916 -0.0271535 0.0817256 0.435728 -0.899033 -0.0433922 0.680655 -0.00553988 -0.0508871 0.998689 0.0132856
-0.992956 -0.118493 -0.000569313 -0.923492 0.118489 -0.992856 -0.0141562 0.824328 0.00111216 -0.0141239 0.9999 0.0211281
-0.992969 -0.116841 -0.019038 -1.92502 0.116888 -0.993145 -0.00135447 0.916734 -0.0187492 -0.00357025 0.999818 0.0191007
-0.853172 -0.521605 -0.00513544 -2.91311 0.521576 -0.853184 0.00607481 1.10962 -0.00755012 0.00250433 0.999968 0.0133768
-0.495292 -0.86871 -0.00538853 -3.18479 0.868684 -0.49532 0.00683547 1.33229 -0.00860708 -0.00129538 0.999962 0.0380947
-0.000802146 -1 3.44698e-06 -3.24731 0.999916 -0.000802034 0.0129555 1.43561 -0.0129555 1.38399e-05 0.999916 0.0421216
0.0599202 -0.998148 0.010514 -3.10889 0.998154 0.0600186 0.0093043 2.45834 -0.00991811 0.00993708 0.999901 0.0449839
0.181816 -0.983216 -0.0151053 -2.95222 0.983281 0.181942 -0.00738123 3.46602 0.0100056 -0.0135107 0.999859 0.074
0.0723606 -0.997366 0.00493022 -2.78461 0.997344 0.0723979 0.00785813 4.45509 -0.00819436 0.00434852 0.999957 0.0740999
0.102851 -0.99469 -0.00385896 -2.75709 0.994554 0.102902 -0.0165942 5.4578 0.0169032 -0.0021312 0.999855 0.103671
0.120792 -0.992675 -0.0021902 -2.6625 0.992671 0.120784 0.00377801 6.47388 -0.0034858 -0.00263051 0.99999 0.108635
0.152761 -0.988258 -0.0032501 -2.5353 0.98826 0.15275 0.00316572 7.4716 -0.00263209 -0.00369554 0.99999 0.132082
0.132825 -0.991131 -0.00426204 -2.43314 0.99114 0.132827 -7.24429e-05 8.47611 0.000637915 -0.00421465 0.999991 0.143646
0.00134451 -0.999983 0.00566907 -2.32637 0.999977 0.00130641 -0.00671959 9.48773 0.00671207 0.00567797 0.999961 0.17936
0.0177156 -0.999806 0.00850762 -2.37139 0.99964 0.0175403 -0.0202528 10.4901 0.0200996 0.00886334 0.999759 0.236682
-0.00856765 -0.999345 0.035156 -2.39206 0.999748 -0.00928979 -0.0204291 11.4952 0.0207423 0.0349721 0.999173 0.313184
-0.31002 -0.950712 -0.00573357 -2.4771 0.950026 -0.309553 -0.0403377 12.4963 0.0365747 -0.0179526 0.99917 0.357461
-0.69124 -0.721932 0.0316461 -2.98739 0.720918 -0.691953 -0.0384216 13.3535 0.0496354 -0.00374432 0.99876 0.469184
-0.391349 -0.918491 0.0567524 -3.67795 0.920137 -0.391494 0.00901195 14.1167 0.0139408 0.0557468 0.998348 0.497388
0.131319 -0.987697 0.0849058 -3.85968 0.991297 0.131626 -0.00199433 14.6158 -0.00920598 0.0844288 0.996387 0.506761
0.0955174 -0.99507 0.0266753 -3.72601 0.995424 0.0955524 3.55819e-05 15.6262 -0.00258429 0.0265498 0.999644 0.495881
0.106401 -0.994323 -0.000367384 -3.61897 0.994311 0.106398 0.00493236 16.6321 -0.00486528 -0.000890101 0.999988 0.499561
0.0317837 -0.999492 0.0018977 -3.56856 0.999493 0.0317807 -0.00157453 17.6351 0.00151342 0.00194678 0.999997 0.534092
0.0812737 -0.996039 0.0360656 -3.53862 0.996687 0.0811057 -0.00609801 18.6539 0.00314874 0.0364417 0.999331 0.533149
0.0937908 -0.995287 0.0246113 -3.4114 0.99559 0.093716 -0.0041752 19.6728 0.00184906 0.0248944 0.999688 0.547024
0.0770929 -0.997017 -0.00362294 -3.33078 0.996993 0.0770621 0.00800036 20.6717 -0.00769731 -0.00422882 0.999961 0.582297
0.0505786 -0.998717 -0.00227384 -3.29947 0.998717 0.0505727 0.00257962 21.6879 -0.00246132 -0.00240139 0.999994 0.599067
0.0191451 -0.999779 0.0088239 -3.30518 0.999817 0.0191319 -0.00157496 22.7057 0.00140579 0.00885243 0.99996 0.626796
0.0793054 -0.996441 0.0285836 -3.23021 0.996825 0.0790645 -0.00946273 23.7084 0.0071691 0.0292432 0.999547 0.652759
0.0629154 -0.997698 0.0253015 -3.13093 0.998014 0.0629743 0.00153941 24.7162 -0.00312919 0.0251544 0.999679 0.703254
0.0797265 -0.99681 0.00360637 -3.08596 0.996764 0.0796843 -0.0106171 25.7309 0.0102959 0.00444116 0.999937 0.699199
0.074722 -0.997105 0.014106 -3.05039 0.997167 0.0745877 -0.00981813 26.7356 0.00873755 0.0147997 0.999852 0.761177
0.0180086 -0.999836 0.00208173 -3.00277 0.999805 0.017991 -0.00818743 27.7391 0.00814863 0.00222876 0.999964 0.780848
0.0200976 -0.995797 -0.0893526 -2.98669 0.999792 0.0203229 -0.00161208 28.7483 0.00342122 -0.0893016 0.995999 0.773982
0.0473638 -0.997123 -0.0591666 -2.90958 0.998877 0.0473016 0.00245125 29.7521 0.000354443 -0.0592163 0.998245 0.818929
0.0726248 -0.997028 -0.0257257 -2.76747 0.997336 0.0727774 -0.00504445 30.7985 0.00690172 -0.0252908 0.999656 0.880044
0.601966 -0.798106 0.025779 -2.53691 0.798268 0.600646 -0.0446527 31.7599 0.0201535 0.047458 0.99867 0.911294
0.933352 -0.3589 0.00671761 -2.24947 0.358464 0.930906 -0.0701226 32.23 0.0189136 0.0678571 0.997516 0.930044
0.996334 0.0782726 0.0345223 -1.2469 -0.077469 0.996705 -0.0240317 32.2355 -0.0362896 0.0212692 0.999115 0.985744
0.892941 -0.450173 0.000936812 -0.681035 0.448644 0.890076 0.0805224 32.276 -0.0370829 -0.0714814 0.996752 0.974417
0.528512 -0.847591 -0.0476012 -0.364424 0.848679 0.52888 0.0055388 32.6045 0.0204807 -0.0433255 0.998851 0.972195
0.0260776 -0.996251 -0.0824991 -0.327924 0.999562 0.0271493 -0.0118948 32.891 0.01409 -0.0821527 0.99652 0.975871
0.0638667 -0.997811 -0.0171722 -0.42764 0.997477 0.0643612 -0.0299806 33.9025 0.0310202 -0.0152141 0.999403 1.01528
-0.0193589 -0.999782 -0.00792488 -0.391466 0.999578 -0.0191817 -0.0218524 34.9131 0.0216956 -0.00834456 0.99973 1.06847
0.0719214 -0.996741 -0.0365451 -0.39619 0.996672 0.07323 -0.0358279 35.9463 0.0383873 -0.0338466 0.99869 1.13182
0.032333 -0.999369 0.0147553 -0.340126 0.998687 0.0317169 -0.0402358 36.962 0.0397424 0.0160369 0.999081 1.17776
-0.0993094 -0.99481 -0.02211 -0.394404 0.994184 -0.0982678 -0.0440524 37.9824 0.0416511 -0.0263562 0.998785 1.23133
0.0402014 -0.999152 -0.00883477 -0.385053 0.998585 0.0404834 -0.0344677 38.9921 0.0347962 -0.00743663 0.999367 1.25248
-0.075141 -0.997047 -0.0159063 -0.364665 0.996711 -0.0746104 -0.0316672 40.0077 0.0303869 -0.0182334 0.999372 1.31681
-0.1943 -0.98091 -0.0077901 -0.431679 0.980676 -0.194056 -0.0247939 41.0125 0.0228089 -0.012457 0.999662 1.37207
-0.0340161 -0.9991 -0.0253452 -0.608251 0.998932 -0.033195 -0.0321426 42.0062 0.0312724 -0.0264115 0.999162 1.42531
-0.0632292 -0.997596 -0.0283555 -0.68321 0.997483 -0.0622574 -0.0339378 43.0209 0.0320908 -0.03043 0.999022 1.49275
-0.590579 -0.802042 -0.0891485 -0.80627 0.806758 -0.584204 -0.0885903 43.5577 0.0189723 -0.124241 0.992071 1.5164
-0.912102 -0.409666 -0.0155799 -1.07498 0.409927 -0.910869 -0.0477151 43.7668 0.00535599 -0.0499077 0.998739 1.49177
-0.999169 -0.0377612 -0.0152399 -2.069 0.0382977 -0.998595 -0.0365943 43.9995 -0.0138367 -0.0371476 0.999214 1.52048
-0.954643 0.297535 -0.0111952 -3.0653 -0.296847 -0.95401 -0.0417563 43.8996 -0.0231043 -0.0365392 0.999065 1.52053
-0.631458 0.774246 0.0424207 -3.47204 -0.773972 -0.626017 -0.0952132 43.5569 -0.0471625 -0.0929558 0.994553 1.51745
-0.943073 0.331616 -0.0254384 -3.94823 -0.331161 -0.943352 -0.0205117 43.0626 -0.0307993 -0.0109198 0.999466 1.46092
-0.99857 0.0463426 -0.0267017 -4.96393 -0.0447768 -0.997398 -0.0565235 42.9195 -0.0292516 -0.0552469 0.998044 1.46551
-0.994508 0.103091 -0.018008 -6.00336 -0.101943 -0.993212 -0.0559933 42.8395 -0.0236582 -0.05385 0.998269 1.46372
-0.997201 0.0718776 -0.0205495 -7.02542 -0.0708891 -0.996452 -0.045348 42.7684 -0.0237361 -0.0437644 0.99876 1.4736
-0.992982 0.117681 -0.0116219 -8.04202 -0.116806 -0.991409 -0.0588271 42.6572 -0.0184449 -0.0570569 0.998201 1.46827
-0.997607 0.0691331 0.00116523 -9.09229 -0.0690821 -0.995882 -0.0587216 42.5323 -0.00289917 -0.0586615 0.998274 1.50152
-0.997413 0.0713746 -0.00865381 -10.1035 -0.0709191 -0.996477 -0.0447869 42.4733 -0.0118199 -0.0440572 0.998959 1.50262
-0.998866 0.0475445 0.00276426 -11.107 -0.0476204 -0.996302 -0.0715354 42.3808 -0.000647071 -0.0715858 0.997434 1.52004
-0.992411 0.122876 -0.00468605 -12.1169 -0.122493 -0.991216 -0.0498689 42.2963 -0.0107726 -0.0489165 0.998745 1.51102
-0.995636 0.0932698 -0.00330087 -13.1308 -0.0929095 -0.993896 -0.0595043 42.1736 -0.00883066 -0.0589379 0.998223 1.52646
-0.984864 0.173225 -0.00606268 -14.1493 -0.172637 -0.983446 -0.05504 42.039 -0.0154966 -0.0531603 0.998466 1.5338
-0.986269 0.165122 -0.00312439 -15.1361 -0.164686 -0.984731 -0.0564322 41.8767 -0.0123949 -0.0551427 0.998402 1.54998
-0.999997 0.00142163 -0.0012235 -16.202 -0.00136683 -0.999043 -0.0436763 41.706 -0.00128443 -0.0436746 0.999045 1.56598
-0.999084 -0.0426287 0.00386491 -17.2316 0.0422849 -0.996961 -0.0654362 41.7131 0.00664261 -0.0652127 0.997849 1.58491
-0.998281 0.0585032 -0.00320245 -18.2671 -0.0582874 -0.997183 -0.0471981 41.701 -0.00595468 -0.0469304 0.99888 1.6047
-0.998936 0.0459692 -0.00375401 -19.272 -0.0456828 -0.997344 -0.0567239 41.6319 -0.0063516 -0.0564921 0.998383 1.62932
-0.978603 0.20574 -0.00286489 -20.2862 -0.205247 -0.977052 -0.0569675 41.5185 -0.0145196 -0.0551605 0.998372 1.62327
-0.968783 0.247826 -0.00646272 -21.2948 -0.246729 -0.966382 -0.0723287 41.307 -0.0241704 -0.0684762 0.99736 1.68632
-0.696715 0.715575 0.0504241 -21.5999 -0.716314 -0.690216 -0.10246 41.0937 -0.038514 -0.107504 0.993458 1.67345
-0.260868 0.965215 0.0174884 -21.8857 -0.962697 -0.258754 -0.0791118 40.4119 -0.0718348 -0.0374739 0.996712 1.62566
0.00912376 0.998973 0.0443841 -21.9357 -0.998323 0.0116378 -0.0567182 39.3939 -0.0571764 -0.0437922 0.997403 1.56092
0.104709 0.994393 0.0148367 -21.8994 -0.993154 0.105332 -0.0505004 38.3424 -0.05178 -0.00944732 0.998614 1.53854
0.155341 0.987676 0.0191167 -21.742 -0.985899 0.156223 -0.0599897 37.3434 -0.0622368 -0.00952827 0.998016 1.49957
-0.0429082 0.998837 0.0220255 -21.6458 -0.997068 -0.0414131 -0.0643516 36.3113 -0.0633645 -0.0247222 0.997684 1.45807
-0.0105725 0.99974 0.0201932 -21.6072 -0.997579 -0.00915749 -0.0689245 35.2781 -0.0687217 -0.0208731 0.997417 1.41696
0.0453415 0.998945 0.00721384 -21.5835 -0.997067 0.0456996 -0.0613953 34.268 -0.0616603 -0.00440893 0.998087 1.38525
0.07198 0.997036 0.0271988 -21.5289 -0.995222 0.0735997 -0.0641747 33.1988 -0.0659862 -0.0224495 0.997568 1.3623
-0.140917 0.988723 0.0506913 -21.5637 -0.987718 -0.136913 -0.0752998 32.1546 -0.0675103 -0.0606797 0.995872 1.33709
-0.606126 0.795203 0.0163752 -21.7602 -0.794732 -0.604684 -0.052552 31.1351 -0.0318876 -0.0448669 0.998484 1.33369
-0.921851 0.387422 0.0095982 -22.0157 -0.387541 -0.921605 -0.0213021 30.8986 0.000592832 -0.0233571 0.999727 1.33866
-0.985885 0.165451 0.0256323 -23.0187 -0.166513 -0.984913 -0.047113 30.6487 0.0174507 -0.0507161 0.998561 1.40757
-0.769921 0.636004 0.0521796 -23.6961 -0.636557 -0.75968 -0.132976 30.6116 -0.0449335 -0.135596 0.989745 1.42269
-0.315339 0.943382 0.102926 -23.8395 -0.946006 -0.303917 -0.112735 30.3874 -0.0750713 -0.132918 0.98828 1.40832
-0.0246806 0.999566 -0.0160986 -23.9281 -0.997567 -0.0256753 -0.0648259 29.3532 -0.065211 0.0144595 0.997767 1.35589
0.00797469 0.998825 0.0477927 -23.8654 -0.997648 0.0112006 -0.0676142 28.3344 -0.0680701 -0.0471411 0.996566 1.26747
-0.0410774 0.998351 0.0400754 -23.8449 -0.996475 -0.0379984 -0.074782 29.526 -0.073136 -0.043006 0.996394 1.31435
0.00373053 0.999973 0.00635428 -23.7718 -0.996832 0.00422347 -0.0794164 28.4794 -0.0794411 -0.00603789 0.996821 1.28537
-0.101383 0.994403 0.0297132 -23.7707 -0.993089 -0.0993847 -0.0624098 27.351 -0.0591075 -0.0358352 0.997608 1.22857
-0.0226163 0.999679 0.0114646 -23.7978 -0.997904 -0.0218776 -0.0609144 26.3469 -0.060644 -0.0128182 0.998077 1.16379
-0.134454 0.985382 0.104615 -23.8639 -0.989574 -0.128022 -0.0659702 25.3019 -0.0516129 -0.112394 0.992322 1.09721
-0.0781955 0.994681 0.0670479 -23.9506 -0.994748 -0.0733917 -0.0713438 24.265 -0.0660435 -0.0722745 0.995196 1.05973
-0.0272463 0.990568 -0.134289 -23.9797 -0.996297 -0.0378683 -0.0771901 23.1934 -0.0815473 0.131688 0.987931 1.08939
-0.110316 0.992515 -0.0523923 -24.0147 -0.989993 -0.114397 -0.0826298 22.1742 -0.0880047 0.0427527 0.995202 1.00433
-0.0864486 0.980542 -0.176247 -24.0971 -0.992748 -0.099619 -0.0672864 21.1674 -0.0835348 0.169152 0.982044 1.03192
0.268811 0.953488 -0.13639 -24.2086 -0.962668 0.261282 -0.0707252 19.2654 -0.0317992 0.15031 0.988127 0.914262
0.692933 0.713694 -0.102394 -24.1485 -0.720071 0.69224 -0.0479774 18.8395 0.0366401 0.106976 0.993586 0.871453
0.781426 0.623753 -0.0174868 -23.3433 -0.623913 0.780549 -0.0384084 18.1903 -0.0103081 0.0409236 0.999109 1.00347
0.302862 0.950103 -0.0746799 -23.0573 -0.9515 0.297001 -0.0802234 17.8705 -0.0540406 0.0953546 0.993975 1.03808
-0.126516 0.991948 0.00547254 -22.9155 -0.990172 -0.125954 -0.0607684 16.7893 -0.05959 -0.013107 0.998137 0.983012
-0.145152 0.989369 0.00894622 -23.0467 -0.988134 -0.1445 -0.0520697 15.7585 -0.0502234 -0.0163981 0.998603 0.960801
-0.207627 0.978206 0.00213176 -23.2189 -0.976826 -0.207217 -0.0536039 14.7191 -0.0519939 -0.0132119 0.99856 0.917122
-0.16304 0.98659 0.00773872 -23.3687 -0.984755 -0.162245 -0.0627386 13.722 -0.0606416 -0.0178496 0.998 0.873691
-0.0948002 0.995357 0.0166927 -23.5077 -0.994214 -0.0938139 -0.052322 12.7153 -0.050513 -0.0215562 0.998491 0.845757
-0.173407 0.984638 0.0204074 -23.5806 -0.983564 -0.172085 -0.054655 11.6694 -0.0503037 -0.0295496 0.998297 0.814968
-0.161028 0.986698 0.0222918 -23.7664 -0.985123 -0.159315 -0.0644255 10.6149 -0.0600171 -0.0323344 0.997674 0.756766
-0.255046 0.966638 0.0236906 -23.9084 -0.964802 -0.252785 -0.0725019 9.59565 -0.0640945 -0.0413481 0.997087 0.666358
-0.256838 0.965799 0.0355908 -24.1277 -0.964964 -0.254224 -0.0649207 8.55043 -0.0536523 -0.0510179 0.997256 0.625613
-0.176998 0.983565 0.0356574 -24.3076 -0.981326 -0.173591 -0.0828646 7.54571 -0.0753129 -0.0496584 0.995923 0.5865
0.341699 0.933496 0.108753 -24.3319 -0.936048 0.348387 -0.0493906 6.7535 -0.0839941 -0.0849214 0.992841 0.54909
0.800416 0.595667 0.0671937 -24.1021 -0.595524 0.802969 -0.0243377 6.45606 -0.0684517 -0.0205352 0.997443 0.550461
0.993095 0.115069 0.022833 -23.5768 -0.113114 0.990846 -0.0736899 6.2286 -0.0311034 0.0705983 0.99702 0.519056
0.944108 0.327403 0.0383042 -22.6008 -0.324759 0.943754 -0.0621306 5.98858 -0.0564915 0.0462183 0.997333 0.492904
0.978722 0.202376 0.0338558 -21.615 -0.200873 0.978668 -0.0431192 5.74975 -0.0418599 0.035401 0.998496 0.476666
0.976617 0.211903 0.0362865 -20.5621 -0.210039 0.976453 -0.0492231 5.53916 -0.0458626 0.0404505 0.998128 0.423306
0.979012 0.200018 0.0391064 -19.5096 -0.198192 0.979081 -0.0460516 5.33676 -0.0474995 0.0373345 0.998173 0.39369
0.972396 0.231262 0.0310605 -18.4173 -0.229774 0.972198 -0.0451029 5.10966 -0.0406275 0.0367209 0.998499 0.378062
0.982009 0.186349 0.0305291 -17.4206 -0.184606 0.981413 -0.0524384 4.89661 -0.0397335 0.0458591 0.998157 0.347561
0.981823 0.187827 0.0272876 -16.408 -0.18645 0.981367 -0.0464221 4.74193 -0.0354985 0.0404905 0.998549 0.342477
0.99924 0.0249302 0.0299674 -15.3828 -0.0229815 0.997705 -0.0636985 4.67729 -0.0314866 0.0629614 0.997519 0.321686
0.987703 0.153398 0.0302043 -14.3524 -0.151758 0.987118 -0.0506716 4.57125 -0.0375881 0.0454648 0.998259 0.319086
0.957499 0.284636 0.0466728 -13.33 -0.280806 0.956856 -0.0746618 4.30307 -0.0659107 0.0583826 0.996116 0.280032
0.98684 0.158737 0.0308064 -12.31 -0.155067 0.983034 -0.0979733 4.02027 -0.0458357 0.091907 0.994712 0.241019
0.969407 0.242353 0.0389299 -11.3189 -0.240746 0.969689 -0.0417702 3.82876 -0.047873 0.0311201 0.998369 0.226157
0.981404 0.186218 0.0465703 -10.3271 -0.183204 0.981098 -0.0623098 3.62773 -0.0572933 0.0526193 0.99697 0.185303
0.922096 0.382856 0.0562181 -9.3436 -0.379775 0.923238 -0.0583293 3.31082 -0.0742345 0.032435 0.996713 0.146242
0.922816 0.383402 0.037589 -8.34781 -0.382033 0.923332 -0.0388489 2.9206 -0.0496018 0.0214901 0.998538 0.122761
0.964582 0.261284 0.0362203 -7.39211 -0.259251 0.964374 -0.0526493 2.61612 -0.0486863 0.0413944 0.997956 0.0877695
0.967541 0.249594 0.0395773 -6.40834 -0.248063 0.967924 -0.0398411 2.34928 -0.0482519 0.0287303 0.998422 0.06071
0.987739 0.151308 0.038434 -5.3336 -0.149782 0.987914 -0.0399009 2.14628 -0.0440068 0.033655 0.998464 0.0317312
0.985244 0.1657 0.0428715 -4.34349 -0.162765 0.984539 -0.0647423 2.01039 -0.0529365 0.056809 0.996981 -0.0146034
0.980493 0.194261 0.0299324 -3.2994 -0.193464 0.98072 -0.0275782 1.86825 -0.0347126 0.0212494 0.999171 -0.0365266
0.914903 0.402536 0.0302981 -2.32494 -0.399984 0.914108 -0.0664844 1.59558 -0.0544581 0.048708 0.997327 -0.0306445
0.921146 0.388448 0.0244529 -1.34484 -0.387282 0.921013 -0.0418165 1.17331 -0.038765 0.0290489 0.998826 -0.0958564
0.496676 0.867057 -0.0390505 -0.696463 -0.866393 0.49261 -0.0818428 0.802321 -0.0517257 0.0744825 0.99588 -0.123537
0.862896 0.501726 0.0606676 -0.342406 -0.503239 0.864066 0.011843 0.285594 -0.0464789 -0.0407496 0.998088 -0.183272
