1 1.62984e-15 4.00576e-16 2.55815e-17 -1.62984e-15 1 2.4245e-17 9.07611e-18 -4.00576e-16 -2.4245e-17 1 -3.20615e-19
0.848003 -0.529874 0.0111348 0.121231 0.52997 0.84797 -0.00891343 0.0503799 -0.004719 0.0134597 0.999898 -0.00287285
0.468552 -0.881611 -0.0567549 0.212611 0.883429 0.467845 0.0259799 0.131289 0.00364836 -0.0623118 0.99805 -0.0104021
-0.0468868 -0.998024 -0.041798 0.284198 0.998873 -0.0471483 0.00529129 0.324376 -0.00725159 -0.0415028 0.999112 0.00874625
-0.554799 -0.830153 -0.0551451 0.265661 0.831905 -0.554429 -0.0231966 0.443825 -0.0113174 -0.058745 0.998209 0.0149386
-0.900082 -0.434867 -0.0272665 0.0819363 0.435684 -0.899055 -0.0433643 0.680648 -0.00565633 -0.050911 0.998687 0.0131931
-0.992978 -0.118304 -0.000720022 -0.923349 0.118302 -0.99288 -0.0139575 0.824451 0.000936325 -0.0139446 0.999902 0.0204404
-0.992999 -0.116617 -0.0187362 -1.92583 0.116667 -0.993169 -0.00155925 0.916677 -0.0184264 -0.00373423 0.999823 0.0194293
-0.853566 -0.520958 -0.00518145 -2.91287 0.520929 -0.853578 0.0060426 1.109 -0.00757072 0.00245859 0.999968 0.0151261
-0.496424 -0.868064 -0.00534427 -3.18534 0.868038 -0.496451 0.00689006 1.33166 -0.00863418 -0.00121864 0.999962 0.0400617
-0.00249856 -0.999997 -0.000275203 -3.24767 0.999911 -0.00250196 0.0131639 1.43527 -0.0131646 -0.000242295 0.999913 0.0432206
0.0577941 -0.998278 0.0101018 -3.11121 0.99828 0.0578885 0.00932286 2.45842 -0.00989159 0.00954556 0.999906 0.0459362
0.179143 -0.983573 -0.0221921 -2.956 0.98372 0.179406 -0.0104737 3.46663 0.0142831 -0.0199545 0.999699 0.075711
0.0690448 -0.997611 0.00201527 -2.79248 0.997587 0.0690575 0.00712919 4.45578 -0.00725134 0.00151818 0.999973 0.0778261
0.099097 -0.995047 -0.00784579 -2.76769 0.99492 0.0992186 -0.0170144 5.45922 0.0177086 -0.00611986 0.999824 0.108579
0.116497 -0.993181 -0.00424256 -2.67457 0.993183 0.116479 0.00432391 6.4783 -0.00380027 -0.00471736 0.999982 0.114176
0.148918 -0.988843 -0.00332463 -2.55258 0.988845 0.148907 0.00325664 7.47499 -0.00272525 -0.00377252 0.999989 0.135977
0.128677 -0.991677 -0.00450506 -2.45599 0.991687 0.128677 0.000224209 8.47834 0.000357358 -0.00449646 0.99999 0.14711
-0.00265173 -0.999983 0.00522471 -2.35332 0.999975 -0.00268633 -0.0066264 9.49233 0.00664031 0.00520701 0.999964 0.182828
0.0127751 -0.999876 0.00918505 -2.40274 0.999749 0.0126031 -0.0185507 10.4941 0.0184327 0.00941973 0.999786 0.238385
-0.0153707 -0.999225 0.0362534 -2.43274 0.999699 -0.0160506 -0.0185377 11.5019 0.0191052 0.0359576 0.999171 0.312834
-0.314347 -0.9493 -0.0042014 -2.5225 0.948628 -0.313951 -0.0392541 12.4986 0.0359449 -0.0163249 0.99922 0.356779
-0.694868 -0.718371 0.0331802 -3.03571 0.717458 -0.695658 -0.03624 13.3521 0.0491158 -0.00137662 0.998792 0.470398
-0.395739 -0.916861 0.0524822 -3.72392 0.91819 -0.396124 0.00329306 14.117 0.0177702 0.0494919 0.998616 0.507789
0.126769 -0.988549 0.0818568 -3.90953 0.991921 0.126742 -0.00555134 14.6188 -0.00488694 0.0818991 0.996629 0.518225
0.0918281 -0.995665 0.0147321 -3.77805 0.995773 0.0917949 -0.00291292 15.637 0.00154797 0.0149373 0.999887 0.512071
0.102125 -0.994708 -0.0111491 -3.67379 0.994771 0.102111 0.00184281 16.6327 -0.000694626 -0.011279 0.999936 0.517473
0.0284205 -0.99959 0.00325462 -3.63603 0.999584 0.0284049 -0.00473526 17.6396 0.00464088 0.00338784 0.999983 0.554255
0.0777822 -0.995772 0.0488667 -3.6121 0.996968 0.0777923 -0.00169793 18.6432 -0.0021107 0.0488506 0.998804 0.549105
0.107746 -0.993295 0.0419101 -3.49417 0.994108 0.107142 -0.0164057 19.64 0.0118054 0.0434308 0.998987 0.582557
0.0734084 -0.997278 -0.00695272 -3.41499 0.997288 0.0733684 0.00584281 20.6557 -0.00531679 -0.00736278 0.999959 0.610355
0.0483817 -0.998825 -0.00311399 -3.38289 0.998829 0.0483789 0.000961841 21.6827 -0.000810058 -0.00315688 0.999995 0.64229
0.0235415 -0.999692 -0.00791258 -3.38332 0.999657 0.0236301 -0.0112967 22.721 0.0114801 -0.00764392 0.999905 0.664821
0.077913 -0.996898 0.0110834 -3.30977 0.996926 0.0778132 -0.00916688 23.7269 0.00827602 0.0117635 0.999897 0.693532
0.0510993 -0.998478 0.0207776 -3.21407 0.998694 0.0510667 -0.0020962 24.7223 0.00103194 0.0208576 0.999782 0.745159
0.068263 -0.997509 -0.0177551 -3.16335 0.997628 0.0684064 -0.00759738 25.7352 0.00879301 -0.0171944 0.999814 0.741447
0.0752332 -0.997108 0.0106967 -3.13465 0.997116 0.0751179 -0.0107993 26.7405 0.00996461 0.0114783 0.999884 0.798265
0.0461004 -0.998934 -0.00232587 -3.09375 0.998936 0.0461024 -0.000837066 27.7637 0.000943404 -0.0022848 0.999997 0.823339
0.0187692 -0.999508 -0.0251724 -3.08797 0.999809 0.0189044 -0.00514324 28.7645 0.00561659 -0.025071 0.99967 0.841867
0.0470803 -0.998391 -0.0316055 -3.00584 0.998891 0.0470916 0.00038617 29.7774 0.00110281 -0.0315886 0.9995 0.875788
0.054723 -0.998481 -0.00636308 -2.86298 0.99838 0.0548147 -0.0152531 30.7778 0.0155787 -0.00551808 0.999863 0.924211
0.535634 -0.843959 0.0288214 -2.62969 0.844173 0.534271 -0.0438932 31.776 0.0216456 0.0478409 0.99862 0.962771
0.884539 -0.466459 -0.00264524 -2.37349 0.465994 0.883885 -0.0399551 32.0182 0.0209755 0.0341092 0.999198 0.979983
0.999743 0.021361 -0.00758912 -1.77624 -0.0215383 0.999477 -0.0241046 32.1355 0.00707025 0.0242619 0.999681 1.02778
0.886943 -0.461875 0.00204454 -0.766587 0.460385 0.884421 0.0764539 32.1653 -0.0371203 -0.066869 0.997071 1.0095
0.519208 -0.853475 -0.0447576 -0.448424 0.854423 0.519561 0.00425412 32.5002 0.0196235 -0.0404506 0.998989 1.01261
0.0176009 -0.996494 -0.0817972 -0.413098 0.999712 0.0188747 -0.0148255 32.7876 0.0163174 -0.0815127 0.996539 1.01772
0.0609441 -0.997877 -0.0229541 -0.519907 0.997679 0.0615991 -0.0290025 33.7811 0.0303549 -0.0211333 0.999316 1.05394
-0.0452522 -0.998911 -0.0114145 -0.472365 0.998514 -0.0448809 -0.0309237 34.7994 0.0303777 -0.0127969 0.999457 1.12137
0.0850687 -0.995831 -0.0329222 -0.500102 0.995638 0.0862299 -0.0356208 35.8102 0.0383112 -0.0297484 0.998823 1.17004
0.0556123 -0.998389 -0.0112999 -0.44659 0.997843 0.0559704 -0.0343227 36.8174 0.0348998 -0.00936676 0.999347 1.22388
-0.103968 -0.994463 -0.0153074 -0.484468 0.994076 -0.103412 -0.0334733 37.8187 0.031705 -0.0186969 0.999322 1.26143
0.0921179 -0.99554 -0.0203399 -0.504981 0.994981 0.0928293 -0.0373495 38.8463 0.0390711 -0.0167973 0.999095 1.32699
-0.0269496 -0.999542 -0.0137723 -0.450979 0.998701 -0.0263259 -0.0436194 39.872 0.0432369 -0.01493 0.998953 1.38226
-0.182133 -0.983214 -0.0109632 -0.526654 0.98304 -0.181835 -0.0238808 40.9189 0.0214864 -0.0151268 0.999655 1.43091
-0.0136562 -0.999626 -0.0237021 -0.704746 0.999413 -0.0129008 -0.0317388 41.9238 0.0314212 -0.0241216 0.999215 1.49587
-0.0425928 -0.998479 -0.0350186 -0.775596 0.998589 -0.0414321 -0.0332271 42.9295 0.0317256 -0.0363844 0.998834 1.55771
-0.585972 -0.805136 -0.0916245 -0.877406 0.810116 -0.579445 -0.0892062 43.4435 0.0187318 -0.126499 0.99179 1.58108
-0.909245 -0.415703 -0.0215704 -1.14961 0.416261 -0.907879 -0.0498373 43.6571 0.00113423 -0.0542932 0.998524 1.56307
-0.999372 -0.0311741 -0.0168658 -2.12728 0.0319089 -0.998468 -0.0452136 43.8913 -0.0154305 -0.0457234 0.998835 1.58995
-0.956161 0.292364 -0.0167004 -3.12388 -0.291118 -0.955165 -0.0539347 43.8032 -0.0317203 -0.0467085 0.998405 1.59533
-0.687128 0.725705 0.0347599 -3.54649 -0.724609 -0.681035 -0.105521 43.4969 -0.052904 -0.0976934 0.993809 1.59831
-0.966781 0.254868 -0.0193941 -4.05085 -0.254562 -0.966908 -0.0169368 42.9527 -0.023069 -0.0114372 0.999668 1.54277
-0.999262 0.0259913 -0.028328 -5.06496 -0.0242972 -0.997988 -0.0585881 42.8262 -0.0297938 -0.0578565 0.99788 1.51817
-0.995044 0.098259 -0.0151191 -6.09286 -0.097361 -0.993904 -0.0516907 42.7685 -0.0201061 -0.0499627 0.998549 1.51471
-0.99841 0.0544989 -0.0143746 -7.13403 -0.0536874 -0.997212 -0.051821 42.6984 -0.0171587 -0.0509669 0.998553 1.52646
-0.991122 0.131936 -0.0164436 -8.15853 -0.131057 -0.990293 -0.0463125 42.6151 -0.0223943 -0.0437463 0.998792 1.51086
-0.998139 0.0606888 -0.00582949 -9.21791 -0.0601839 -0.996072 -0.0649341 42.494 -0.00974738 -0.0644625 0.997873 1.51098
-0.999719 0.0176053 -0.0158067 -10.2406 -0.0167025 -0.998316 -0.055531 42.447 -0.0167577 -0.0552515 0.998332 1.52784
-0.998322 0.0571385 -0.00953234 -11.2642 -0.0562481 -0.995497 -0.0763183 42.3701 -0.0138501 -0.0756539 0.997038 1.51848
-0.997942 0.0616613 -0.0175019 -12.2664 -0.0605411 -0.996443 -0.0585925 42.3119 -0.0210526 -0.0574125 0.998129 1.52029
-0.991364 0.130408 -0.0139116 -13.3286 -0.129447 -0.990014 -0.0558436 42.2016 -0.0210551 -0.0535605 0.998343 1.53155
-0.995268 0.0966467 -0.0100133 -14.3539 -0.0958881 -0.993615 -0.0594451 42.0853 -0.0156946 -0.0582036 0.998181 1.54746
-0.985397 0.170176 -0.00570974 -15.3643 -0.169551 -0.983756 -0.0589532 41.9382 -0.0156494 -0.0571243 0.998244 1.55416
-0.996902 -0.0781762 -0.00853367 -16.383 0.0785278 -0.995403 -0.0548049 41.8136 -0.00421001 -0.0553054 0.998461 1.56972
-0.999933 -0.00812253 -0.00842204 -17.4418 0.00860025 -0.998262 -0.0583304 41.8498 -0.00793359 -0.0583987 0.998262 1.58248
-0.999975 0.00650243 -0.00321466 -18.4735 -0.00625957 -0.997492 -0.0705215 41.8424 -0.00366515 -0.0704995 0.997505 1.60688
-0.999645 0.0266411 5.86565e-05 -19.4737 -0.0265844 -0.99737 -0.0674198 41.8047 -0.00173763 -0.0673974 0.997725 1.62386
-0.991261 0.1316 -0.00891467 -20.4722 -0.13086 -0.989661 -0.0586862 41.7051 -0.0165456 -0.057007 0.998237 1.61403
-0.958799 0.283818 -0.0124195 -21.4788 -0.282416 -0.956978 -0.066613 41.5129 -0.030791 -0.0603609 0.997702 1.66312
-0.647713 0.760582 0.0445622 -21.7333 -0.759943 -0.64078 -0.109043 41.3076 -0.0543815 -0.104493 0.993038 1.64834
-0.165454 0.985861 0.0265162 -22.056 -0.983943 -0.163187 -0.0722921 40.4762 -0.0669429 -0.0380514 0.997031 1.60411
0.0708145 0.997371 0.0154201 -22.0941 -0.995722 0.0716005 -0.0584109 39.4142 -0.0593614 -0.0112178 0.998174 1.54108
0.110952 0.993825 3.12077e-05 -22.0174 -0.992306 0.110784 -0.0552786 38.3622 -0.0549408 0.00610233 0.998471 1.50202
0.0941641 0.995368 0.0193844 -21.8616 -0.993746 0.0951488 -0.058441 37.2585 -0.0600147 -0.0137601 0.998103 1.46418
0.0344686 0.999054 0.0265222 -21.8126 -0.996468 0.0363884 -0.0756781 36.2334 -0.0765716 -0.02382 0.99678 1.41612
-0.0120949 0.999685 0.0220056 -21.7717 -0.998162 -0.0107636 -0.0596459 35.2097 -0.0593902 -0.0226865 0.997977 1.39103
0.073871 0.99724 -0.00761033 -21.7549 -0.995062 0.0731979 -0.0670513 34.1734 -0.0663091 0.0125259 0.997721 1.34698
-0.0919315 0.995717 0.00971505 -21.7252 -0.9943 -0.091263 -0.0551054 33.137 -0.0539829 -0.0147256 0.998433 1.3254
-0.190801 0.980873 0.0384898 -21.78 -0.980311 -0.188368 -0.0592165 32.0927 -0.0508337 -0.0490306 0.997503 1.29246
-0.664627 0.747144 -0.00690549 -22.0093 -0.746186 -0.664194 -0.0453192 31.3266 -0.0384465 -0.0249675 0.998949 1.2807
-0.965969 0.25608 0.0363989 -22.5228 -0.257615 -0.965116 -0.0467381 31.0027 0.0231605 -0.0545246 0.998244 1.29804
-0.983256 0.175709 0.048348 -23.5319 -0.178759 -0.981518 -0.068349 30.8374 0.0354449 -0.0758469 0.996489 1.42902
-0.770619 0.63523 0.0512664 -23.9586 -0.636485 -0.763089 -0.112171 30.7488 -0.0321334 -0.119071 0.992366 1.45501
-0.350062 0.93011 0.111152 -24.1007 -0.934834 -0.339345 -0.104553 30.5315 -0.0595268 -0.140509 0.988288 1.45433
-0.0519018 0.998652 0.000856265 -24.1687 -0.99691 -0.0517606 -0.0590887 29.5271 -0.0589648 -0.00392043 0.998252 1.39297
-0.0259122 0.999638 -0.00741199 -24.2019 -0.998219 -0.0262727 -0.0535735 28.4664 -0.0537487 0.00601057 0.998536 1.33879
0.106331 0.994164 0.0182245 -24.1519 -0.992423 0.107244 -0.059954 27.4597 -0.0615586 -0.0117115 0.998035 1.30461
0.00300109 0.999846 0.0172991 -24.1032 -0.99835 0.00398774 -0.0572855 26.4494 -0.0573457 -0.0170986 0.998208 1.27032
-0.0374093 0.999247 0.0102876 -24.1478 -0.997421 -0.0367059 -0.0616794 25.4181 -0.0612553 -0.0125685 0.998043 1.21562
0.010525 0.999431 0.0320328 -24.1586 -0.997333 0.0128057 -0.0718461 24.4 -0.0722155 -0.0311912 0.996901 1.16189
-0.0601518 0.998092 0.0139908 -24.0204 -0.995508 -0.0589576 -0.0740837 25.4032 -0.0731173 -0.0183842 0.997154 1.22351
-0.034941 0.999295 0.0136796 -24.0635 -0.997537 -0.0340402 -0.0613182 24.337 -0.0608094 -0.0157884 0.998025 1.1735
-0.124679 0.992139 0.0107 -24.1109 -0.989787 -0.123618 -0.0709829 23.3294 -0.0691023 -0.0194408 0.99742 1.13206
-0.0928269 0.9953 0.027556 -24.1883 -0.993785 -0.0909072 -0.0642325 22.2947 -0.0614257 -0.0333473 0.997554 1.09287
-0.0523805 0.995934 -0.0733027 -24.1613 -0.995876 -0.057541 -0.0701547 21.2528 -0.0740873 0.0693256 0.994839 1.1047
-0.0902928 0.995471 0.0297466 -24.2904 -0.993047 -0.0877272 -0.078498 20.2417 -0.0755329 -0.0366276 0.99647 1.00102
-0.0807442 0.996672 -0.0112255 -24.3936 -0.993976 -0.081353 -0.0734391 19.2374 -0.0741079 0.0052281 0.997237 0.956175
0.476502 0.879166 -0.00361766 -24.3541 -0.878391 0.4759 -0.0441465 18.591 -0.0370905 0.0242136 0.999019 0.920149
0.832807 0.553548 -0.00410344 -24.0886 -0.553208 0.831984 -0.0420036 17.5607 -0.019837 0.037251 0.999109 0.892718
0.394866 0.91657 -0.0630956 -23.3308 -0.91705 0.389047 -0.0875288 17.0344 -0.0556791 0.092424 0.994162 0.918074
-0.115668 0.99313 0.017745 -23.1107 -0.992353 -0.114765 -0.0454473 16.3923 -0.0430985 -0.0228661 0.998809 0.887187
-0.136221 0.990521 0.0176304 -23.2123 -0.989124 -0.134989 -0.0583876 15.3456 -0.0554544 -0.0253923 0.998138 0.874332
-0.168693 0.985567 0.0141353 -23.3217 -0.983975 -0.167546 -0.0609998 14.3238 -0.0577511 -0.024199 0.998038 0.821166
-0.11567 0.993171 0.0151909 -23.4694 -0.99202 -0.114736 -0.052267 13.3325 -0.0501671 -0.0211154 0.998518 0.799257
-0.096713 0.995181 0.016212 -23.5858 -0.993058 -0.0953854 -0.0688353 12.3367 -0.0669571 -0.0227567 0.997496 0.753811
-0.0451354 0.998154 0.0406253 -23.6554 -0.99668 -0.0422356 -0.0696073 11.3362 -0.0677631 -0.0436321 0.996747 0.713126
-0.200787 0.978838 0.0395345 -23.7299 -0.97775 -0.197734 -0.070059 10.3202 -0.060759 -0.0527217 0.996759 0.668322
-0.174962 0.983496 0.04608 -23.8752 -0.98308 -0.171926 -0.0632073 9.28996 -0.0542418 -0.0563592 0.996936 0.614065
-0.209972 0.977018 0.0367501 -24.0438 -0.974826 -0.206321 -0.0845486 8.24578 -0.0750231 -0.0535776 0.995741 0.537287
-0.212931 0.97641 0.0358387 -24.2233 -0.97539 -0.210275 -0.0663172 7.1773 -0.0572168 -0.0490778 0.997155 0.508976
-0.1729 0.984128 0.0399422 -24.3495 -0.983633 -0.170442 -0.0584191 6.16936 -0.0506842 -0.0493892 0.997493 0.458121
0.419618 0.900841 0.111375 -24.2884 -0.903793 0.426027 -0.0407137 5.7701 -0.0841255 -0.0835761 0.992944 0.426583
0.873637 0.481492 0.0701645 -24.0316 -0.482962 0.875629 0.00462547 5.50296 -0.059211 -0.0379278 0.997525 0.415497
0.974599 0.220498 0.0392039 -23.0304 -0.217412 0.97352 -0.0706493 5.25034 -0.0537438 0.0603313 0.996731 0.392328
0.990789 0.129945 0.0381064 -21.9775 -0.127651 0.990153 -0.0574736 4.98258 -0.0451995 0.0520799 0.99762 0.357466
0.982021 0.18666 0.0281572 -20.9083 -0.185171 0.981508 -0.0485183 4.83755 -0.0366929 0.0424321 0.998425 0.333591
0.990534 0.135821 0.0198717 -19.8593 -0.134018 0.988213 -0.0739912 4.66364 -0.0296871 0.0706277 0.997061 0.316328
0.978384 0.20589 0.019367 -18.7845 -0.205135 0.978102 -0.0351587 4.53536 -0.0261817 0.0304258 0.999194 0.275725
0.982856 0.181396 0.0330111 -17.7336 -0.179115 0.981849 -0.0623757 4.35241 -0.0437266 0.0553935 0.997507 0.245091
0.991605 0.126949 0.0245729 -16.7067 -0.125401 0.990484 -0.0567112 4.2369 -0.0315385 0.0531536 0.998088 0.213411
0.998926 0.0315084 0.0339689 -15.6809 -0.0294692 0.997826 -0.0589466 4.16452 -0.0357523 0.0578823 0.997683 0.230024
0.996463 0.0783292 0.030421 -14.6383 -0.0764489 0.995344 -0.0587058 4.14509 -0.0348777 0.0561725 0.997812 0.217851
0.939401 0.341457 0.030554 -13.6333 -0.338235 0.937675 -0.0797595 3.99138 -0.0558841 0.0645917 0.996346 0.219341
0.906554 0.420457 0.0370916 -12.6791 -0.417148 0.905882 -0.0732506 3.6884 -0.0643993 0.0509329 0.996624 0.190678
0.996935 -0.0735133 0.0267514 -12.3562 0.075156 0.994938 -0.0667035 3.6665 -0.0217124 0.0685096 0.997414 0.174917
0.98302 0.180333 0.0339416 -11.3519 -0.178393 0.982507 -0.0534491 3.51511 -0.0429864 0.0464866 0.997994 0.158006
0.985015 0.169586 0.031398 -10.2981 -0.167484 0.984014 -0.060542 3.35036 -0.0411631 0.0543761 0.997672 0.143775
0.919087 0.39198 0.0403827 -9.29205 -0.388441 0.918459 -0.0744716 3.07417 -0.0662813 0.0527595 0.996405 0.122316
0.953082 0.301912 0.0219955 -8.32517 -0.299684 0.951304 -0.0721772 2.72685 -0.0427156 0.0621991 0.997149 0.0831301
0.958728 0.283792 0.017398 -7.28713 -0.283083 0.958465 -0.0347542 2.43248 -0.0265383 0.0283948 0.999244 0.0616461
0.978321 0.206233 0.0188823 -6.26314 -0.205072 0.977441 -0.0505413 2.18658 -0.0288796 0.0455734 0.998543 0.0173409
0.98051 0.194936 0.0244869 -5.26879 -0.194204 0.980521 -0.029382 2.0159 -0.0297375 0.024054 0.999268 0.0253351
0.993791 0.106039 0.033688 -4.26127 -0.104185 0.99316 -0.0527078 1.9473 -0.0390466 0.0488707 0.998042 -0.0768907
0.986257 0.1641 0.0191977 -3.18621 -0.163713 0.9863 -0.0202521 1.80432 -0.0222581 0.0168308 0.999611 -0.0651237
0.922534 0.385648 0.0143783 -2.09654 -0.384695 0.921937 -0.045188 1.56381 -0.0306826 0.0361563 0.998875 -0.0747234
0.93491 0.354787 0.00830747 -1.11886 -0.354348 0.934529 -0.0330503 1.19005 -0.0194894 0.0279553 0.999419 -0.110085
0.640155 0.767804 -0.0260587 -0.491031 -0.766827 0.636544 -0.0823956 0.839158 -0.0466761 0.0727285 0.996259 -0.146137
0.930454 0.365303 0.028455 -0.0550621 -0.364841 0.930851 -0.020197 0.290618 -0.0338654 0.00841081 0.999391 -0.159053
