1 3.20973e-16 1.0195e-17 9.02558e-18 -3.20973e-16 1 -1.57465e-16 -8.3392e-18 -1.0195e-17 1.57465e-16 1 -1.09189e-18
0.848002 -0.529875 0.0111342 0.121232 0.529971 0.847969 -0.00891372 0.0503716 -0.00471826 0.0134596 0.999898 -0.00287249
0.468546 -0.881614 -0.0567571 0.212614 0.883432 0.46784 0.0259784 0.131265 0.00365027 -0.0623131 0.99805 -0.0104015
-0.0469007 -0.998023 -0.0418021 0.284202 0.998872 -0.0471621 0.00528905 0.324326 -0.00725012 -0.0415069 0.999112 0.00874772
-0.554817 -0.83014 -0.0551514 0.265668 0.831893 -0.554447 -0.0232 0.44374 -0.0113194 -0.0587519 0.998208 0.014941
-0.900093 -0.434845 -0.0272761 0.0819422 0.435663 -0.899065 -0.0433678 0.680515 -0.0056647 -0.0509182 0.998687 0.0131964
-0.992975 -0.118328 -0.000737112 -0.923343 0.118327 -0.992877 -0.0139607 0.824241 0.000920075 -0.0139498 0.999902 0.0204349
-0.992985 -0.11673 -0.018762 -1.92582 0.116779 -0.993155 -0.00156096 0.916456 -0.0184514 -0.00374103 0.999823 0.0194093
-0.853438 -0.521167 -0.00521645 -2.91284 0.521138 -0.85345 0.00603913 1.10884 -0.00759938 0.00243554 0.999968 0.0150826
-0.496083 -0.868259 -0.00538908 -3.18526 0.868233 -0.496111 0.00688732 1.33152 -0.00865355 -0.0012623 0.999962 0.040008
-0.00195405 -0.999999 -0.00032709 -3.24756 0.999912 -0.00195819 0.0131587 1.43508 -0.0131593 -0.000301356 0.999913 0.0431612
0.0584802 -0.998239 0.0100361 -3.11055 0.998241 0.0585739 0.00930411 2.45808 -0.00987558 0.00947435 0.999906 0.045885
0.179951 -0.983424 -0.0222873 -2.95465 0.983572 0.180215 -0.0104778 3.46612 0.0143206 -0.0200357 0.999697 0.0756772
0.0700004 -0.997545 0.00192031 -2.7903 0.997521 0.0700124 0.00709043 4.45511 -0.00720747 0.00141922 0.999973 0.0778245
0.100176 -0.994938 -0.00798176 -2.76456 0.994811 0.1003 -0.0170597 5.4585 0.0177739 -0.00623136 0.999823 0.108614
0.117697 -0.993039 -0.00437086 -2.67032 0.993042 0.117679 0.00425484 6.47745 -0.00371087 -0.00484123 0.999981 0.114274
0.15022 -0.988646 -0.00347062 -2.54712 0.988648 0.15021 0.00316334 7.47397 -0.00260611 -0.00390642 0.999989 0.136163
0.13008 -0.991493 -0.00467318 -2.4492 0.991504 0.13008 0.000105865 8.47715 0.000502926 -0.00464724 0.999989 0.147405
-0.00115317 -0.999987 0.00502745 -2.3451 0.999977 -0.00118729 -0.00678897 9.49093 0.00679484 0.00501951 0.999964 0.183262
0.0143526 -0.999857 0.00894886 -2.39301 0.999724 0.0141829 -0.0187497 10.4927 0.0186201 0.0092155 0.999784 0.238962
-0.0137151 -0.999258 0.0359951 -2.42143 0.99972 -0.014399 -0.018809 11.5005 0.0193133 0.0357271 0.999175 0.31359
-0.312703 -0.949841 -0.00451899 -2.50954 0.949166 -0.312293 -0.0394807 12.4972 0.0360891 -0.016635 0.99921 0.357727
-0.693538 -0.71967 0.0328394 -3.02129 0.718744 -0.694313 -0.036547 13.3515 0.0491026 -0.00174371 0.998792 0.47142
-0.393843 -0.917694 0.0521892 -3.70807 0.919002 -0.394237 0.00293377 14.1176 0.0178827 0.0491175 0.998633 0.508813
0.129042 -0.988283 0.0815177 -3.89264 0.991629 0.128985 -0.00599037 14.6196 -0.00459438 0.0816083 0.996654 0.519324
0.0943039 -0.995439 0.0143714 -3.75882 0.995541 0.0942674 -0.00319933 15.6374 0.00182999 0.0146091 0.999892 0.513475
0.104776 -0.994428 -0.0115205 -3.65208 0.994495 0.104764 0.00163047 16.6327 -0.00041446 -0.0116279 0.999932 0.519167
0.0312523 -0.999506 0.00284434 -3.61165 0.999498 0.0312379 -0.00496883 17.6393 0.00487754 0.00299819 0.999984 0.556212
0.0807766 -0.995554 0.0484443 -3.58488 0.99673 0.0807723 -0.00204873 18.6426 -0.00187334 0.0484514 0.998824 0.551301
0.110864 -0.992972 0.0414178 -3.46396 0.993763 0.110255 -0.0167143 19.639 0.0120303 0.0430125 0.999002 0.58501
0.076658 -0.99703 -0.00740474 -3.38161 0.997044 0.0766166 0.00572546 20.6541 -0.00514113 -0.00782175 0.999956 0.612997
0.0517288 -0.998655 -0.00361262 -3.34617 0.998661 0.0517259 0.000873603 21.6809 -0.000685562 -0.00365297 0.999993 0.645093
0.0269641 -0.999601 -0.00848392 -3.34312 0.99957 0.0270594 -0.0113244 22.719 0.0115495 -0.00817491 0.9999 0.667724
0.081376 -0.996628 0.0104928 -3.26613 0.996649 0.0812807 -0.00921216 23.7244 0.00832824 0.0112073 0.999903 0.696529
0.0545893 -0.998306 0.0201852 -3.16699 0.998509 0.0545575 -0.00212239 24.7193 0.00101752 0.020271 0.999794 0.74821
0.0717194 -0.997255 -0.0183972 -3.11271 0.997386 0.071866 -0.00743756 25.7318 0.00873928 -0.0178158 0.999803 0.744487
0.0786821 -0.996849 0.010029 -3.08055 0.99685 0.0785747 -0.0106892 26.7368 0.00986746 0.0108385 0.999893 0.801197
0.0495461 -0.998767 -0.00297813 -3.03612 0.998771 0.0495482 -0.000637045 27.7596 0.000783823 -0.00294291 0.999995 0.82614
0.0221237 -0.999422 -0.0258553 -3.0269 0.999741 0.0222557 -0.00482861 28.7601 0.00540125 -0.0257418 0.999654 0.844473
0.0503204 -0.998211 -0.0323004 -2.94138 0.998733 0.0503223 0.000752572 29.7724 0.000874208 -0.0322973 0.999478 0.878201
0.057803 -0.998302 -0.00714475 -2.79533 0.99821 0.0579046 -0.0149378 30.7721 0.0153262 -0.00626852 0.999863 0.926444
0.538063 -0.842442 0.0279143 -2.55899 0.842623 0.536732 -0.0436526 31.7693 0.0217923 0.0470091 0.998657 0.964865
0.885752 -0.464145 -0.0035794 -2.30212 0.463659 0.885129 -0.0395912 32.0105 0.0215443 0.0334084 0.99921 0.982188
0.999686 0.023579 -0.00851757 -1.70461 -0.023775 0.999436 -0.0236991 32.1259 0.00795397 0.0238941 0.999683 1.03043
0.8877 -0.46042 0.00124313 -0.694917 0.458974 0.885119 0.0768653 32.1531 -0.0364906 -0.0676628 0.997041 1.01301
0.519914 -0.852993 -0.045731 -0.376274 0.85399 0.520268 0.00473309 32.4873 0.0197551 -0.0415146 0.998943 1.01627
0.017697 -0.996407 -0.082834 -0.34077 0.999718 0.0189487 -0.014349 32.7744 0.015867 -0.0825567 0.99646 1.02129
0.0603622 -0.997887 -0.0240332 -0.447558 0.997728 0.0610394 -0.0285179 33.7678 0.0299246 -0.0222572 0.999304 1.05693
-0.0464454 -0.998843 -0.0125258 -0.400713 0.998477 -0.046047 -0.0304076 34.7859 0.0297957 -0.013919 0.999459 1.1239
0.0833467 -0.995938 -0.0340557 -0.429755 0.995801 0.0845359 -0.0351116 35.7966 0.0378479 -0.0309863 0.998803 1.17198
0.053433 -0.998494 -0.0124669 -0.378084 0.997981 0.0538268 -0.0337438 36.8037 0.034364 -0.0106387 0.999353 1.22532
-0.106512 -0.994175 -0.0164984 -0.418238 0.993831 -0.10593 -0.0328722 37.8049 0.0309331 -0.0198979 0.999323 1.26221
0.08928 -0.995774 -0.0215428 -0.44152 0.995262 0.0900286 -0.0367237 38.8323 0.038508 -0.018162 0.999093 1.32709
-0.0300042 -0.999438 -0.0149704 -0.390567 0.998647 -0.0293374 -0.042928 39.8581 0.0424647 -0.0162382 0.998966 1.38173
-0.185212 -0.982623 -0.012239 -0.469564 0.982486 -0.184898 -0.0231213 40.9047 0.0204565 -0.016307 0.999658 1.42951
-0.0167735 -0.999548 -0.0249619 -0.650987 0.999393 -0.0159978 -0.030958 41.9091 0.0305446 -0.025466 0.999209 1.49342
-0.0455235 -0.998305 -0.0362748 -0.72513 0.99849 -0.044354 -0.0324171 42.9147 0.0307532 -0.0376957 0.998816 1.55428
-0.588136 -0.803432 -0.092718 -0.828577 0.808582 -0.581694 -0.0884872 43.4287 0.01716 -0.127012 0.991753 1.57714
-0.910233 -0.413468 -0.0227902 -1.10151 0.414096 -0.908921 -0.0488582 43.6413 -0.00051316 -0.0539097 0.998546 1.55855
-0.999414 -0.0290714 -0.0180962 -2.07993 0.0298467 -0.998579 -0.0441616 43.8734 -0.0167866 -0.0446758 0.99886 1.58386
-0.955591 0.29415 -0.0179128 -3.07657 -0.292881 -0.954688 -0.0528265 43.7833 -0.03264 -0.0452342 0.998443 1.58802
-0.685863 0.726953 0.0336528 -3.49883 -0.725804 -0.679953 -0.104276 43.4764 -0.0529214 -0.0959443 0.993979 1.59089
-0.966321 0.256506 -0.0206484 -4.00249 -0.256216 -0.966491 -0.0157028 42.9312 -0.0239844 -0.00988354 0.999663 1.53535
-0.999178 0.0278779 -0.0294864 -5.01661 -0.0261542 -0.998016 -0.057309 42.8031 -0.0310255 -0.0564906 0.997921 1.50958
-0.994822 0.100308 -0.0162534 -6.04466 -0.0993801 -0.993774 -0.0503219 42.7436 -0.0212 -0.0484462 0.998601 1.50488
-0.998267 0.0567796 -0.0154509 -7.086 -0.0559369 -0.997162 -0.050387 42.6713 -0.018268 -0.0494354 0.99861 1.51543
-0.990764 0.134469 -0.0174642 -8.11058 -0.133579 -0.990024 -0.0448162 42.5858 -0.0233164 -0.0420694 0.998843 1.49871
-0.997953 0.063587 -0.0067018 -9.16995 -0.0630371 -0.995998 -0.0633444 42.462 -0.0107029 -0.0627924 0.997969 1.49779
-0.999644 0.0208573 -0.0165874 -10.1929 -0.0199358 -0.998346 -0.0539031 42.4122 -0.0176843 -0.0535533 0.998408 1.51363
-0.9981 0.0607969 -0.0101086 -11.2165 -0.0598778 -0.995416 -0.0745995 42.332 -0.0145976 -0.0738524 0.997162 1.50341
-0.997675 0.0657087 -0.0180074 -12.2187 -0.0645918 -0.99629 -0.0568307 42.2701 -0.021675 -0.0555356 0.998221 1.50447
-0.990765 0.134842 -0.0142901 -13.2808 -0.133894 -0.989525 -0.0539939 42.1556 -0.021421 -0.0515818 0.998439 1.51515
-0.994784 0.101487 -0.0102356 -14.3059 -0.100738 -0.99325 -0.0575047 42.0347 -0.0160025 -0.0561737 0.998293 1.53065
-0.984493 0.175325 -0.00579836 -15.3158 -0.174719 -0.982971 -0.0569163 41.8827 -0.0156785 -0.0550207 0.998362 1.53714
-0.997318 -0.0726767 -0.00852041 -16.3341 0.0730262 -0.995936 -0.0526991 41.7528 -0.00465579 -0.05318 0.998574 1.55262
-0.999964 -0.00246969 -0.00827763 -17.3934 0.00293056 -0.998421 -0.0561351 41.783 -0.0081259 -0.0561572 0.998389 1.56502
-0.999925 0.0120818 -0.00290025 -18.4252 -0.0118559 -0.997602 -0.0682072 41.7697 -0.00371735 -0.0681674 0.997667 1.58926
-0.99949 0.0319349 0.000442447 -19.4254 -0.0318961 -0.997376 -0.0649852 41.7262 -0.00163401 -0.0649662 0.997886 1.60626
-0.990632 0.136288 -0.00848254 -20.4234 -0.135605 -0.989167 -0.0561952 41.6208 -0.0160494 -0.0545186 0.998384 1.59669
-0.957696 0.28754 -0.0118853 -21.4294 -0.286242 -0.956017 -0.0640224 41.4236 -0.0297715 -0.0579118 0.997878 1.64645
-0.645455 0.762456 0.0452966 -21.6831 -0.762026 -0.638784 -0.106176 41.2169 -0.0520197 -0.103049 0.993315 1.63226
-0.163451 0.986177 0.0271839 -22.0037 -0.984469 -0.161254 -0.0694137 40.3842 -0.0640707 -0.0381074 0.997218 1.5905
0.0720686 0.99727 0.0161103 -22.0398 -0.995796 0.072859 -0.0555211 39.3215 -0.0565432 -0.0120413 0.998328 1.5305
0.111676 0.993744 0.000780824 -21.962 -0.992375 0.111563 -0.0523909 38.269 -0.0521503 0.00507593 0.998626 1.49442
0.0946614 0.995305 0.0202115 -21.8055 -0.993864 0.0956524 -0.0555511 37.1648 -0.0572235 -0.014829 0.998251 1.45967
0.0349878 0.999011 0.0274367 -21.7562 -0.996662 0.0369057 -0.072829 36.139 -0.0737696 -0.024797 0.996967 1.41453
-0.0113233 0.999672 0.022998 -21.715 -0.998333 -0.0100001 -0.056858 35.1146 -0.0566093 -0.0236035 0.998117 1.39233
0.075079 0.997157 -0.00651978 -21.6976 -0.99514 0.0745061 -0.0644002 34.0775 -0.0637313 0.0113232 0.997903 1.35114
-0.0900456 0.995877 0.0108965 -21.6668 -0.994612 -0.0893562 -0.0525483 33.0406 -0.051358 -0.0155696 0.998559 1.33232
-0.188149 0.981334 0.0397732 -21.7197 -0.980951 -0.185776 -0.0567479 31.995 -0.0482998 -0.0496927 0.997596 1.30207
-0.662004 0.74948 -0.00557217 -21.9472 -0.748634 -0.661577 -0.0431611 31.2274 -0.0360348 -0.0244013 0.999053 1.29238
-0.964876 0.259962 0.0378387 -22.4597 -0.261519 -0.964169 -0.0445443 30.9011 0.024903 -0.0528753 0.998291 1.31106
-0.98253 0.17929 0.049927 -23.4682 -0.182374 -0.981002 -0.0661634 30.7307 0.0371159 -0.0741127 0.996559 1.4436
-0.768773 0.637321 0.0529988 -23.8943 -0.638828 -0.76144 -0.11003 30.6399 -0.0297689 -0.118445 0.992514 1.47039
-0.348198 0.930606 0.11284 -24.0359 -0.935676 -0.33768 -0.102394 30.4214 -0.0571843 -0.141235 0.988323 1.47036
-0.0507804 0.998707 0.00248628 -24.102 -0.99708 -0.0505552 -0.0572361 29.4158 -0.0570364 -0.0053855 0.998358 1.41104
-0.0256207 0.999656 -0.00575598 -24.1341 -0.998321 -0.025885 -0.0518392 28.3541 -0.0519703 0.00441815 0.998639 1.35894
0.105964 0.99417 0.0199172 -24.0838 -0.992553 0.10696 -0.0582969 27.3462 -0.0600874 -0.0135914 0.998101 1.32634
0.00209461 0.999817 0.0190225 -24.0356 -0.998442 0.00315185 -0.0557198 26.3345 -0.0557695 -0.0188761 0.998265 1.29354
-0.0388414 0.999173 0.01205 -24.0811 -0.997461 -0.0380487 -0.0602077 25.3024 -0.0596994 -0.0143579 0.998113 1.24062
0.00858739 0.999391 0.0338095 -24.0934 -0.997448 0.0109572 -0.0705437 24.2833 -0.0708712 -0.0331174 0.996936 1.18841
-0.062492 0.997921 0.0157904 -23.9534 -0.995465 -0.0611854 -0.0728512 25.285 -0.0717335 -0.0202713 0.997218 1.24827
-0.0376416 0.999169 0.0155557 -23.9989 -0.997513 -0.036642 -0.0601946 24.2182 -0.0595747 -0.0177829 0.998065 1.19979
-0.127754 0.991725 0.0125845 -24.0491 -0.989485 -0.126577 -0.0699781 23.2097 -0.0678062 -0.0213922 0.997469 1.1596
-0.0963037 0.994914 0.0294885 -24.1298 -0.993522 -0.094289 -0.0634236 22.1739 -0.0603207 -0.0354054 0.997551 1.12151
-0.056219 0.995866 -0.0713556 -24.1063 -0.995736 -0.0611608 -0.069071 21.131 -0.0731495 0.0671682 0.995057 1.13421
-0.0945182 0.995019 0.0316947 -24.2394 -0.99272 -0.0918168 -0.0779544 20.1194 -0.0746559 -0.0388321 0.996453 1.03163
-0.085421 0.996302 -0.00923088 -24.3468 -0.993638 -0.0858677 -0.0728752 19.1149 -0.0733983 0.00294708 0.997298 0.987804
0.472038 0.881577 -0.00147159 -24.3101 -0.880762 0.471529 -0.0438042 18.4675 -0.0379229 0.0219734 0.999039 0.951976
0.829897 0.557914 -0.00192679 -24.0501 -0.557494 0.829127 -0.0418228 17.4347 -0.021736 0.0357827 0.999123 0.924111
0.390342 0.918637 -0.0611409 -23.2947 -0.918929 0.384662 -0.0872048 16.904 -0.0565911 0.0902238 0.994312 0.947829
-0.119931 0.992583 0.0199178 -23.0781 -0.991857 -0.118928 -0.0455749 16.2599 -0.042868 -0.0252215 0.998762 0.916259
-0.140005 0.989953 0.0197576 -23.1841 -0.988608 -0.138646 -0.0585553 15.213 -0.0552278 -0.0277306 0.998089 0.903557
-0.172079 0.984949 0.0162691 -23.2973 -0.983404 -0.170799 -0.0611931 14.1911 -0.0574933 -0.0265291 0.997993 0.850657
-0.118796 0.992767 0.0173517 -23.4485 -0.991655 -0.117746 -0.0524871 13.1993 -0.0500645 -0.0234422 0.998471 0.828769
-0.0997563 0.994844 0.0183229 -23.568 -0.992759 -0.098275 -0.069077 12.2032 -0.0669201 -0.0250811 0.997443 0.783394
-0.0481481 0.997925 0.0427411 -23.6404 -0.996532 -0.0450859 -0.0699269 11.2026 -0.0678548 -0.0459598 0.996636 0.742809
-0.203762 0.978136 0.0416404 -23.718 -0.97715 -0.20056 -0.0703897 10.1859 -0.0604992 -0.0550315 0.99665 0.697789
-0.178107 0.982829 0.0482125 -23.8663 -0.982526 -0.174934 -0.0635623 9.15577 -0.0540369 -0.0586909 0.996813 0.643789
-0.213436 0.976188 0.0387977 -24.0383 -0.974095 -0.209604 -0.0849023 8.11127 -0.0747482 -0.0559137 0.995634 0.566988
-0.216809 0.975476 0.0379447 -24.2214 -0.974553 -0.214011 -0.0666784 7.04286 -0.0569226 -0.0514357 0.997053 0.538831
-0.177367 0.983244 0.0420762 -24.3516 -0.982849 -0.174779 -0.0588046 6.03492 -0.0504654 -0.0517847 0.997382 0.488031
0.414831 0.90278 0.113593 -24.2922 -0.905891 0.421476 -0.0414563 5.63521 -0.0853026 -0.0857053 0.992662 0.456416
0.870778 0.48628 0.0726435 -24.0367 -0.487823 0.872933 0.00407959 5.36603 -0.0614291 -0.0389896 0.99735 0.444442
0.973185 0.226297 0.0412442 -23.0369 -0.223063 0.972215 -0.071 5.10744 -0.0561653 0.0598961 0.996623 0.418743
0.989939 0.135664 0.0402013 -21.9855 -0.133243 0.989397 -0.0577881 4.83322 -0.0476148 0.0518502 0.997519 0.381236
0.980961 0.191829 0.0302682 -20.9172 -0.19024 0.980527 -0.0487429 4.68182 -0.0390291 0.0420567 0.998353 0.354731
0.989859 0.14037 0.0218196 -19.8692 -0.138415 0.987596 -0.0741356 4.50226 -0.0319554 0.0703636 0.997009 0.334956
0.977595 0.2094 0.0214203 -18.7948 -0.208579 0.97737 -0.0352576 4.36902 -0.0283185 0.0299999 0.999149 0.291866
0.98231 0.183977 0.0349204 -17.7445 -0.181584 0.98139 -0.0624633 4.1824 -0.0457624 0.0550174 0.997436 0.25905
0.991374 0.128373 0.0264219 -16.7178 -0.126724 0.990314 -0.0567331 4.06406 -0.033449 0.0528954 0.99804 0.225113
0.998858 0.0316972 0.0357419 -15.6919 -0.0295563 0.997825 -0.0589143 3.9902 -0.0375316 0.0577906 0.997623 0.23974
0.996498 0.077197 0.0321202 -14.6491 -0.0752261 0.995443 -0.0586095 3.97062 -0.0364982 0.055988 0.997764 0.225706
0.940157 0.339213 0.0322414 -13.6436 -0.335896 0.93853 -0.0795949 3.81819 -0.0572591 0.064002 0.996306 0.225655
0.90801 0.417157 0.0387044 -12.6886 -0.413784 0.907443 -0.0730101 3.51743 -0.0655786 0.0502786 0.99658 0.195513
0.996522 -0.0783798 0.0282849 -12.3654 0.0801121 0.994569 -0.0664443 3.4967 -0.0229233 0.0684792 0.997389 0.17934
0.984042 0.174391 0.0353519 -11.3602 -0.172403 0.983594 -0.0531046 3.35049 -0.0440329 0.0461624 0.997963 0.161304
0.986152 0.162569 0.0327869 -10.3052 -0.160413 0.985214 -0.0601734 3.1921 -0.0420844 0.0540806 0.997649 0.145885
0.92213 0.384611 0.0418349 -9.29705 -0.381031 0.921596 -0.0739942 2.9232 -0.0670139 0.0522919 0.996381 0.12351
0.955629 0.293643 0.0234001 -8.32727 -0.291358 0.953914 -0.0718163 2.58374 -0.04341 0.0618119 0.997143 0.0835498
0.961294 0.274907 0.0184284 -7.28656 -0.274181 0.961062 -0.0344088 2.2985 -0.02717 0.0280243 0.999238 0.0613103
0.980243 0.196778 0.0200292 -6.2602 -0.195584 0.979403 -0.0501605 2.06218 -0.0294871 0.0452521 0.99854 0.0163271
0.982378 0.185172 0.0254 -5.2641 -0.184432 0.982419 -0.0289283 1.90124 -0.0303101 0.023734 0.999259 0.023704
0.994777 0.0959516 0.034817 -4.25589 -0.094071 0.994199 -0.0521399 1.84269 -0.0396179 0.0485923 0.998033 -0.0791419
0.987884 0.153906 0.0199798 -3.17931 -0.153515 0.987947 -0.0198238 1.71069 -0.02279 0.0165164 0.999604 -0.0679849
0.926492 0.376 0.0154034 -2.08712 -0.375027 0.925931 -0.044801 1.48145 -0.0311077 0.035731 0.998877 -0.0781603
0.938606 0.344869 0.0091996 -1.10556 -0.344416 0.938246 -0.0327301 1.11792 -0.0199191 0.0275522 0.999422 -0.113976
0.648295 0.76099 -0.0246416 -0.473987 -0.759946 0.644736 -0.0824484 0.773719 -0.046855 0.0721772 0.996291 -0.150288
0.934297 0.355297 0.029198 -0.03214 -0.354842 0.934719 -0.0196806 0.229864 -0.0342844 0.00802691 0.99938 -0.163318
