0.999987 -0.00383482 -0.00347668 0.00527954 0.00382922 0.999991 -0.00161589 -0.0433615 0.00348285 0.00160255 0.999993 -0.000136643
0.846 -0.533128 0.00770724 0.12618 0.533182 0.845935 -0.0104932 0.00736735 -0.000925595 0.0129866 0.999915 -0.00250721
0.465129 -0.883181 -0.0603887 0.217263 0.885218 0.464549 0.0241642 0.0890013 0.00671216 -0.0646966 0.997882 -0.0095791
-0.050858 -0.997681 -0.045237 0.288953 0.998689 -0.0510683 0.00350486 0.2815 -0.0058069 -0.0449995 0.99897 0.0102118
-0.558057 -0.827744 -0.0584369 0.269688 0.829721 -0.557613 -0.0251671 0.401076 -0.0117532 -0.0625309 0.997974 0.016496
-0.901702 -0.431286 -0.0304588 0.0843476 0.432286 -0.900608 -0.0451095 0.637579 -0.00797634 -0.0538423 0.998518 0.0145242
-0.993401 -0.114635 -0.00399135 -0.921434 0.114684 -0.993278 -0.015774 0.777389 -0.00215628 -0.0161276 0.999868 0.019096
-0.993338 -0.113018 -0.0225086 -1.9233 0.113115 -0.993578 -0.00304295 0.865962 -0.0220201 -0.00556873 0.999742 0.0137285
-0.855134 -0.518335 -0.00863524 -2.9121 0.518317 -0.855178 0.00443926 1.05507 -0.00968568 -0.00067963 0.999953 0.00487236
-0.498587 -0.866794 -0.00889123 -3.18471 0.866794 -0.49864 0.00519895 1.27666 -0.00893994 -0.00511473 0.999947 0.0290007
-0.00459159 -0.999983 -0.00352263 -3.24764 0.999925 -0.00463126 0.0113396 1.37973 -0.0113557 -0.0034703 0.999929 0.0329754
0.0561262 -0.998399 0.00700184 -3.11315 0.998391 0.0561799 0.00772876 2.40298 -0.00810975 0.00655679 0.999946 0.0379587
0.178008 -0.983853 -0.018553 -2.96045 0.983953 0.178197 -0.00905467 3.41121 0.0122146 -0.0166435 0.999787 0.0691351
0.0685635 -0.997645 0.00142348 -2.79663 0.997626 0.0685712 0.00626112 4.40091 -0.00634399 0.000990831 0.999979 0.0714038
0.0989772 -0.995064 -0.00727145 -2.77306 0.994911 0.0990952 -0.0182245 5.40367 0.0188551 -0.00543063 0.999807 0.102678
0.116996 -0.993115 -0.00568131 -2.68239 0.993131 0.116986 0.00215372 6.42009 -0.00147427 -0.00589426 0.999982 0.109599
0.148978 -0.988818 -0.00673884 -2.55909 0.988841 0.148971 0.00153737 7.41825 -0.000516287 -0.00689268 0.999976 0.135088
0.129021 -0.991612 -0.00773836 -2.46083 0.991639 0.129037 -0.00170464 8.42313 0.00268887 -0.00745372 0.999969 0.148617
-0.00251357 -0.999995 0.00221821 -2.35806 0.999962 -0.00253193 -0.00831364 9.43509 0.00831921 0.00219723 0.999963 0.186324
0.013812 -0.999891 0.00510933 -2.40713 0.999667 0.0136974 -0.0218355 10.4372 0.0217632 0.00540921 0.999749 0.245095
-0.0124735 -0.999417 0.0317601 -2.43192 0.999673 -0.0131729 -0.0219088 11.4421 0.0223145 0.0314764 0.999255 0.323135
-0.313786 -0.94945 -0.0090526 -2.52095 0.948771 -0.313162 -0.0419739 12.4428 0.0370172 -0.0217597 0.999078 0.36872
-0.694167 -0.719255 0.0283206 -3.03491 0.718185 -0.694706 -0.039914 13.2978 0.0483829 -0.00736756 0.998802 0.480039
-0.394921 -0.917171 0.0532461 -3.72848 0.918608 -0.395097 0.00761597 14.0583 0.0140523 0.05192 0.998552 0.50706
0.127548 -0.988482 0.0814482 -3.91216 0.991806 0.127707 -0.00327924 14.5567 -0.00715994 0.0811991 0.996672 0.5166
0.0917079 -0.995516 0.0231993 -3.78233 0.995786 0.0916983 -0.00147759 15.5676 -0.000656378 0.0232371 0.99973 0.507806
0.102603 -0.994715 -0.00386294 -3.67916 0.994718 0.102591 0.00331505 16.5739 -0.00290123 -0.00418267 0.999987 0.51347
0.0279451 -0.999607 -0.00157296 -3.63272 0.999603 0.02795 -0.00318313 17.5771 0.00322585 -0.00148339 0.999994 0.549784
0.0774395 -0.996463 0.0326142 -3.60668 0.996984 0.0772321 -0.00757466 18.596 0.00502902 0.0331024 0.999439 0.550578
0.0899652 -0.99572 0.0211514 -3.48341 0.995937 0.0898638 -0.0056963 19.6153 0.00377119 0.021578 0.99976 0.566528
0.0732954 -0.997284 -0.00713012 -3.40675 0.997292 0.0732505 0.00637059 20.6145 -0.00583101 -0.00757775 0.999954 0.603683
0.0467566 -0.99889 -0.00576036 -3.3794 0.998906 0.0467518 0.000955015 21.6307 -0.000684648 -0.00579871 0.999983 0.622191
0.0153058 -0.999869 0.00535328 -3.38911 0.999879 0.015289 -0.00315698 22.6485 0.00307471 0.00540094 0.999981 0.65153
0.0754568 -0.996832 0.0251443 -3.31808 0.997108 0.075201 -0.0109684 23.6514 0.00904272 0.0258993 0.999624 0.679361
0.0590982 -0.998013 0.0218197 -3.22283 0.998251 0.0591127 2.09086e-05 24.6595 -0.00131068 0.0217803 0.999762 0.731816
0.0758672 -0.997118 0.000170566 -3.18174 0.997044 0.0758595 -0.012219 25.6744 0.0121708 0.00109708 0.999925 0.729544
0.0708667 -0.997429 0.0106673 -3.15024 0.99743 0.0707451 -0.0113797 26.6791 0.0105957 0.0114463 0.999878 0.793256
0.0141459 -0.999899 -0.00136346 -3.10654 0.999852 0.0141586 -0.00979521 27.6827 0.00981353 -0.0012247 0.999951 0.8147
0.0162514 -0.995552 -0.0928079 -3.0943 0.999855 0.0166539 -0.00356364 28.692 0.00509342 -0.0927366 0.995678 0.809508
0.0435314 -0.997085 -0.0626458 -3.0212 0.999049 0.0435787 0.000611614 29.696 0.00212015 -0.0626129 0.998036 0.856332
0.0687753 -0.997206 -0.0291815 -2.88331 0.997594 0.0689998 -0.00675825 30.7429 0.00875289 -0.0286465 0.999551 0.919618
0.598826 -0.800564 0.0224779 -2.65656 0.800533 0.597508 -0.0461673 31.7051 0.0235292 0.0456405 0.998681 0.953212
0.931899 -0.362701 0.00351838 -2.37098 0.362005 0.929414 -0.0717081 32.1762 0.0227386 0.0680984 0.997419 0.973716
0.996744 0.0743754 0.0311404 -1.36865 -0.0735945 0.996962 -0.0255138 32.1855 -0.0329434 0.023139 0.999189 1.03292
0.891337 -0.453332 -0.00283738 -0.802907 0.452119 0.88846 0.0789146 32.2282 -0.0332536 -0.0716224 0.996877 1.02363
0.525179 -0.849457 -0.0510945 -0.487552 0.850663 0.5257 0.00374245 32.5579 0.0236813 -0.0454296 0.998687 1.02303
0.0221951 -0.996056 -0.085917 -0.452164 0.99963 0.0234669 -0.0138208 32.8445 0.0157826 -0.0855783 0.996206 1.02729
0.0599328 -0.997992 -0.0205317 -0.555895 0.997663 0.0605644 -0.031661 33.8555 0.0328409 -0.0185861 0.999288 1.06798
-0.0232673 -0.999666 -0.0113167 -0.523781 0.99946 -0.0229965 -0.023498 34.8662 0.0232299 -0.0118573 0.99966 1.12291
0.0679649 -0.996891 -0.0398793 -0.532688 0.996876 0.0694673 -0.0375813 35.8992 0.0402348 -0.0372005 0.998498 1.1879
0.0283646 -0.999532 0.0114359 -0.480679 0.998738 0.0278639 -0.0417934 36.9151 0.0414552 0.0126069 0.999061 1.23567
-0.103265 -0.994328 -0.0254132 -0.539056 0.993728 -0.102034 -0.0457506 37.9352 0.0428982 -0.0299783 0.99863 1.29068
0.0362505 -0.999268 -0.012177 -0.53365 0.998674 0.0366691 -0.0361161 38.9449 0.0365362 -0.0108516 0.999273 1.31348
-0.0790678 -0.996684 -0.0192591 -0.517381 0.996365 -0.0783982 -0.0333427 39.9605 0.0317223 -0.0218254 0.999258 1.37951
-0.198137 -0.98011 -0.0111704 -0.588439 0.979887 -0.197791 -0.0264388 40.9649 0.0237036 -0.0161843 0.999588 1.43615
-0.0379551 -0.998868 -0.0286953 -0.769005 0.998743 -0.0369778 -0.0338539 41.9578 0.0327545 -0.0299442 0.999015 1.49036
-0.0671651 -0.997238 -0.0316983 -0.848088 0.99718 -0.0660277 -0.0356603 42.9721 0.0334689 -0.034004 0.998861 1.55917
-0.59373 -0.799359 -0.0922567 -0.973287 0.804459 -0.58707 -0.090534 43.5085 0.0182081 -0.127969 0.991611 1.58325
-0.91368 -0.405994 -0.018869 -1.24271 0.406423 -0.912349 -0.0493882 43.7165 0.00283617 -0.0527938 0.998601 1.55802
-0.999255 -0.0338021 -0.0185733 -2.23771 0.0344937 -0.998671 -0.0382669 43.9453 -0.0172552 -0.0388792 0.999095 1.58363
-0.953412 0.301316 -0.0145083 -3.23361 -0.300463 -0.952803 -0.0434132 43.8416 -0.0269047 -0.0370315 0.998952 1.58006
-0.628317 0.77696 0.0393275 -3.63902 -0.776307 -0.622897 -0.096657 43.4974 -0.0506017 -0.0912618 0.99454 1.57502
-0.941683 0.335267 -0.0288342 -4.11311 -0.33472 -0.942057 -0.022224 43.0013 -0.0346143 -0.0112765 0.999337 1.51603
-0.998284 0.0503589 -0.0299544 -5.12826 -0.0485529 -0.997123 -0.058238 42.8544 -0.032801 -0.0566835 0.997853 1.51685
-0.994021 0.107086 -0.0212637 -6.16737 -0.105712 -0.992722 -0.0576748 42.7705 -0.0272851 -0.0550823 0.998109 1.51132
-0.996833 0.07585 -0.0238477 -7.18918 -0.0746686 -0.996097 -0.0470401 42.6954 -0.0273227 -0.0451106 0.998608 1.51753
-0.992457 0.12168 -0.0148666 -8.20532 -0.120578 -0.990858 -0.0604841 42.5803 -0.0220904 -0.0582354 0.998058 1.50847
-0.997319 0.0731551 -0.00208028 -9.25522 -0.0728968 -0.995514 -0.0603297 42.4513 -0.00648437 -0.0600163 0.998176 1.53787
-0.997087 0.0753482 -0.011955 -10.2662 -0.0747187 -0.996124 -0.0464338 42.3884 -0.0154074 -0.0454052 0.99885 1.53535
-0.998668 0.0516134 -0.000429215 -11.2693 -0.0514438 -0.995996 -0.0731359 42.2921 -0.00420228 -0.0730163 0.997322 1.54913
-0.99189 0.126846 -0.00796707 -12.2789 -0.126274 -0.990658 -0.0515003 42.2037 -0.0144252 -0.0500766 0.998641 1.53646
-0.995236 0.0972849 -0.00654314 -13.2923 -0.0967069 -0.993435 -0.0611295 42.0771 -0.0124471 -0.0602054 0.998108 1.54817
-0.984134 0.177179 -0.00932288 -14.3104 -0.176382 -0.982689 -0.0566762 41.9386 -0.0192033 -0.0541326 0.998349 1.55174
-0.985581 0.169088 -0.00637907 -15.2966 -0.168441 -0.984001 -0.058057 41.7725 -0.0160937 -0.0561453 0.998293 1.56422
-0.999974 0.0054046 -0.00452936 -16.3619 -0.00519395 -0.998959 -0.0452949 41.5977 -0.00476945 -0.0452704 0.998963 1.57624
-0.999256 -0.0385782 0.000646584 -17.3916 0.0384481 -0.997011 -0.0670332 41.6009 0.00323066 -0.0669584 0.997751 1.59159
-0.998024 0.0624896 -0.00649421 -18.4271 -0.0620999 -0.996874 -0.048824 41.5847 -0.00952491 -0.0483243 0.998786 1.60776
-0.998725 0.0499896 -0.0070075 -19.4318 -0.0494972 -0.997068 -0.0583511 41.5117 -0.0099039 -0.0579299 0.998272 1.62876
-0.977753 0.209676 -0.00611741 -20.4455 -0.20897 -0.976166 -0.0585913 41.3945 -0.0182568 -0.0560093 0.998263 1.619
-0.96774 0.251767 -0.00965278 -21.4535 -0.250398 -0.965314 -0.0739644 41.179 -0.0279397 -0.0691613 0.997214 1.6782
-0.693825 0.718586 0.0473624 -21.7577 -0.718914 -0.687296 -0.103871 40.9646 -0.0420882 -0.106118 0.993462 1.66393
-0.256923 0.966325 0.0143263 -22.0408 -0.963572 -0.254995 -0.0806548 40.2818 -0.0742856 -0.0345266 0.996639 1.61404
0.0131508 0.999067 0.0411334 -22.0867 -0.998187 0.0155337 -0.0581594 39.2637 -0.0587441 -0.0402939 0.99746 1.5475
0.108696 0.994008 0.0115583 -22.0462 -0.992661 0.109154 -0.0520568 38.2123 -0.0530065 -0.00581512 0.998577 1.52357
0.159336 0.987097 0.0158767 -21.8848 -0.985195 0.160019 -0.0615287 37.2141 -0.0632753 -0.00583791 0.997979 1.48354
-0.0388637 0.999068 0.0188034 -21.7846 -0.997122 -0.0375481 -0.0658788 36.1824 -0.0651113 -0.0213095 0.99765 1.44072
-0.00650791 0.999834 0.0169895 -21.7419 -0.9975 -0.00529546 -0.0704583 35.1494 -0.0703567 -0.0174056 0.99737 1.39809
0.0493788 0.998772 0.00397915 -21.7141 -0.996785 0.0495315 -0.06298 34.1394 -0.0630998 -0.00085648 0.998007 1.36485
0.0760249 0.996819 0.0239763 -21.6553 -0.994831 0.0774532 -0.0656819 33.0705 -0.0673299 -0.0188589 0.997553 1.34037
-0.136893 0.989446 0.0475171 -21.6861 -0.98814 -0.133028 -0.0767143 32.0262 -0.0695835 -0.0574551 0.99592 1.31337
-0.602959 0.797667 0.0131051 -21.8786 -0.796994 -0.601562 -0.0541023 31.0059 -0.035272 -0.043066 0.998449 1.30765
-0.920355 0.391032 0.00620402 -22.1333 -0.391068 -0.920076 -0.0228806 30.7685 -0.0032389 -0.0234845 0.999719 1.31135
-0.985294 0.169402 0.0223409 -23.1355 -0.170315 -0.984189 -0.048628 30.5146 0.01375 -0.0517179 0.998567 1.37637
-0.767313 0.639381 0.0492478 -23.8129 -0.639427 -0.757019 -0.134374 30.475 -0.0486348 -0.134597 0.989706 1.38907
-0.311446 0.944997 0.0999212 -23.9553 -0.947084 -0.300087 -0.113937 30.2502 -0.0776851 -0.130119 0.98845 1.37385
-0.020628 0.999601 -0.0193187 -24.0398 -0.997547 -0.0218709 -0.0664992 29.2157 -0.0668951 0.0178996 0.997599 1.31945
0.012037 0.998932 0.0445866 -23.9729 -0.997499 0.0151014 -0.0690409 28.1974 -0.0696406 -0.0436441 0.996617 1.22961
-0.0370013 0.998633 0.0368975 -23.9571 -0.996505 -0.0341057 -0.0762379 29.3889 -0.0748754 -0.0395895 0.996407 1.27847
0.00782934 0.999964 0.00319311 -23.8799 -0.996681 0.0080623 -0.0810021 28.3427 -0.081025 -0.00254832 0.996709 1.24807
-0.0973683 0.994895 0.0264837 -23.8743 -0.993373 -0.0955181 -0.0639075 27.2144 -0.0610516 -0.0325308 0.997604 1.18947
-0.0185784 0.999794 0.00822803 -23.8973 -0.997884 -0.0180287 -0.0624828 26.2103 -0.0623215 -0.00937143 0.998012 1.12299
-0.130478 0.98625 0.101416 -23.9591 -0.989997 -0.124066 -0.0671726 25.1652 -0.0536666 -0.109166 0.992574 1.0545
-0.0741501 0.995201 0.0638606 -24.0418 -0.994933 -0.0694654 -0.0726945 24.128 -0.0679095 -0.0689272 0.995308 1.01505
-0.0231418 0.990242 -0.137426 -24.0668 -0.996261 -0.0342877 -0.0793001 23.0563 -0.0832382 0.135077 0.987333 1.0429
-0.106212 0.992792 -0.0555347 -24.0976 -0.990265 -0.110665 -0.0844378 22.0371 -0.0899748 0.0460258 0.99488 0.956084
-0.08235 0.980323 -0.179401 -24.1762 -0.992935 -0.0961368 -0.0695476 21.03 -0.0854262 0.172406 0.981315 0.981772
0.272609 0.95195 -0.139553 -24.2801 -0.961579 0.264688 -0.0728435 19.1277 -0.0324055 0.154049 0.987532 0.860678
0.695558 0.710658 -0.105663 -24.2182 -0.71747 0.694794 -0.0499746 18.7021 0.0378993 0.11057 0.993145 0.817396
0.783844 0.620609 -0.0208129 -23.411 -0.620899 0.782865 -0.0400895 18.0558 -0.00858624 0.0443466 0.998979 0.951179
0.306694 0.94862 -0.077827 -23.1239 -0.950245 0.300483 -0.0821148 17.7371 -0.0545102 0.099139 0.993579 0.986265
-0.12251 0.992464 0.0022353 -22.9777 -0.990552 -0.122133 -0.0623598 16.6565 -0.061617 -0.00985392 0.998051 0.929962
-0.141186 0.989967 0.00567395 -23.1049 -0.9886 -0.140684 -0.0536486 15.6252 -0.0523121 -0.0131837 0.998544 0.905643
-0.203698 0.979034 -0.00113439 -23.2729 -0.977528 -0.203448 -0.0552089 14.5852 -0.054282 -0.010137 0.998474 0.859699
-0.159051 0.987261 0.00450948 -23.4188 -0.985272 -0.158437 -0.0643211 13.5876 -0.0627872 -0.0146733 0.997919 0.814149
-0.0908107 0.995778 0.0134217 -23.5538 -0.994487 -0.0899669 -0.0538711 12.5805 -0.0524361 -0.0182398 0.998458 0.784117
-0.169458 0.985387 0.017146 -23.6226 -0.984138 -0.168266 -0.0561895 11.5343 -0.0524835 -0.0263958 0.998273 0.751398
-0.157039 0.987408 0.0190699 -23.8042 -0.985634 -0.155483 -0.0659517 10.4792 -0.0621562 -0.029153 0.997641 0.69086
-0.25112 0.967738 0.0205017 -23.9419 -0.965667 -0.249014 -0.0740217 9.45958 -0.0665285 -0.0383862 0.997046 0.598324
-0.252948 0.966938 0.0323721 -24.157 -0.965853 -0.250441 -0.0663953 8.4136 -0.0560928 -0.0480612 0.997268 0.555141
-0.17297 0.98439 0.0325122 -24.3329 -0.981873 -0.169743 -0.0843367 7.40825 -0.0775015 -0.0465106 0.995907 0.513792
0.345576 0.932442 0.105489 -24.3541 -0.934596 0.352096 -0.0505781 6.61602 -0.0843035 -0.0811112 0.993133 0.475027
0.802927 0.592651 0.0638183 -24.1232 -0.592343 0.805276 -0.025692 6.31946 -0.0666178 -0.0171736 0.997631 0.476723
0.993624 0.111022 0.019649 -23.5969 -0.10926 0.991164 -0.0752129 6.09407 -0.0278256 0.0725865 0.996974 0.446783
0.945537 0.323619 0.0350745 -22.6199 -0.32105 0.944925 -0.0635949 5.85783 -0.0537233 0.0488707 0.997359 0.423645
0.979625 0.198497 0.0305492 -21.6331 -0.197056 0.979377 -0.0446026 5.6228 -0.0387727 0.037674 0.998538 0.410458
0.977569 0.208015 0.0330046 -20.5793 -0.206223 0.977191 -0.0506966 5.41633 -0.0427974 0.0427531 0.998169 0.360429
0.979924 0.196131 0.0358122 -19.5259 -0.194365 0.979778 -0.0475144 5.21801 -0.044407 0.0395999 0.998228 0.334154
0.973405 0.227403 0.0277615 -18.4327 -0.225983 0.973016 -0.046597 4.99512 -0.0376087 0.0390841 0.998528 0.321966
0.982842 0.182423 0.0272595 -17.435 -0.180779 0.982044 -0.0539339 4.78593 -0.0366089 0.0480806 0.998172 0.294595
0.982648 0.183921 0.0239936 -16.4219 -0.182631 0.982012 -0.0479307 4.63514 -0.0323775 0.042717 0.998562 0.29279
0.999424 0.0208849 0.0267432 -15.3963 -0.0191042 0.99769 -0.0651951 4.57447 -0.028043 0.0646467 0.997514 0.275467
0.988402 0.149453 0.0269276 -14.3655 -0.147914 0.987623 -0.0521686 4.47238 -0.034391 0.0475806 0.998275 0.276286
0.958792 0.28076 0.0434953 -13.342 -0.277031 0.957843 -0.076092 4.20817 -0.0630253 0.0609069 0.996152 0.240362
0.987581 0.154646 0.0277233 -12.3208 -0.151212 0.983485 -0.0994618 3.92935 -0.0426469 0.0940345 0.994655 0.20445
0.970484 0.238523 0.0356186 -11.329 -0.236954 0.970558 -0.043234 3.74166 -0.0448822 0.0335179 0.99843 0.192732
0.982293 0.182271 0.0433425 -10.3363 -0.179351 0.981718 -0.063742 3.54449 -0.0541684 0.0548397 0.997025 0.155011
0.923798 0.379198 0.0529758 -9.3514 -0.376121 0.924644 -0.0597241 3.23142 -0.071631 0.0352477 0.996808 0.118867
0.924442 0.379781 0.0342658 -8.35405 -0.378416 0.924757 -0.0403181 2.84505 -0.0469996 0.024305 0.998599 0.0982298
0.965733 0.257439 0.0329521 -7.39707 -0.255476 0.965299 -0.0541227 2.54429 -0.045742 0.0438496 0.99799 0.0660791
0.968647 0.245779 0.0362583 -6.4122 -0.244278 0.968825 -0.0413026 2.28126 -0.0452793 0.0311505 0.998489 0.0420184
0.988453 0.147401 0.0351152 -5.33659 -0.145928 0.98843 -0.0413668 2.08242 -0.0408064 0.0357649 0.998527 0.0164577
0.986039 0.161725 0.039653 -4.34581 -0.158905 0.985073 -0.0661885 1.95041 -0.0497655 0.0589634 0.997019 -0.0266459
0.981343 0.190424 0.0265639 -3.30111 -0.189652 0.981421 -0.0290779 1.8123 -0.0316075 0.0234975 0.999224 -0.0451603
0.916614 0.398855 0.0270852 -2.32564 -0.396389 0.915562 -0.0679794 1.54335 -0.0519122 0.0515745 0.997319 -0.0363213
0.922754 0.38481 0.0211403 -1.34371 -0.383689 0.922445 -0.0433365 1.12495 -0.0361771 0.0318776 0.998837 -0.0987959
0.500172 0.864897 -0.0421985 -0.693821 -0.8644 0.495806 -0.0836009 0.756485 -0.0513839 0.0782912 0.995605 -0.124813
0.864976 0.498548 0.0571514 -0.33758 -0.499855 0.866046 0.0104624 0.241215 -0.0442797 -0.0376171 0.998311 -0.184143
