1 -3.02788e-17 2.91257e-17 1.29574e-18 3.02788e-17 1 -1.21105e-16 -6.04119e-18 -2.91257e-17 1.21105e-16 1 -1.15086e-18
0.848028 -0.529834 0.0111502 0.121083 0.52993 0.847994 -0.00892 0.0502687 -0.00472916 0.0134732 0.999898 -0.00287322
0.468541 -0.881613 -0.0568178 0.21245 0.883434 0.467834 0.0259962 0.131557 0.00366269 -0.0623751 0.998046 -0.0103939
-0.0470389 -0.998021 -0.0417396 0.284942 0.998867 -0.0472997 0.00528147 0.323837 -0.00724527 -0.0414439 0.999115 0.00883567
-0.554894 -0.830099 -0.0550503 0.266154 0.831848 -0.554515 -0.02334 0.44353 -0.0111517 -0.0587447 0.998211 0.0149926
-0.900051 -0.43494 -0.0271439 0.0817152 0.435751 -0.899022 -0.0433887 0.680786 -0.00553149 -0.05088 0.998689 0.0132822
-0.992959 -0.118472 -0.000552146 -0.923503 0.118467 -0.992859 -0.0141531 0.824535 0.00112854 -0.0141188 0.9999 0.0211334
-0.992982 -0.116732 -0.0189931 -1.92509 0.116779 -0.993158 -0.00135346 0.916956 -0.0187052 -0.00356196 0.999819 0.0191046
-0.853291 -0.521411 -0.00503302 -2.91329 0.521382 -0.853302 0.00606799 1.10977 -0.0074586 0.00255363 0.999969 0.0133927
-0.495587 -0.868543 -0.00521716 -3.18511 0.868517 -0.495613 0.00681179 1.33243 -0.00850203 -0.00115536 0.999963 0.0381109
-0.00123878 -0.999999 0.00024442 -3.24775 0.999916 -0.00123552 0.0129148 1.43577 -0.0129145 0.000260399 0.999917 0.0421227
0.0594856 -0.99817 0.0108269 -3.10986 0.998181 0.0595863 0.00922312 2.45862 -0.00985138 0.0102585 0.999899 0.0449665
0.181493 -0.983281 -0.0147165 -2.9537 0.98334 0.181617 -0.00754413 3.46645 0.0100908 -0.0131021 0.999863 0.0739942
0.0722364 -0.997372 0.00538125 -2.7865 0.997355 0.0722762 0.00760343 4.45567 -0.00797239 0.00481778 0.999957 0.0741653
0.103034 -0.994673 -0.00334229 -2.75917 0.994529 0.103076 -0.0169702 5.45848 0.0172243 -0.00157549 0.99985 0.103959
0.121349 -0.992608 -0.00160257 -2.66448 0.992605 0.121343 0.00326058 6.47466 -0.00304202 -0.00198639 0.999993 0.109236
0.15377 -0.988104 -0.00259502 -2.53674 0.988105 0.153764 0.00249456 7.47241 -0.00206586 -0.00294775 0.999994 0.133118
0.134325 -0.990931 -0.00354126 -2.43356 0.990937 0.134329 -0.00088699 8.47694 0.00135464 -0.00339002 0.999993 0.145305
0.00337615 -0.999974 0.00644728 -2.32524 0.999965 0.00332655 -0.00768874 9.48851 0.00766709 0.00647301 0.99995 0.181785
0.0202714 -0.99975 0.00931916 -2.3682 0.99957 0.0200686 -0.0213643 10.4911 0.0211719 0.00974822 0.999728 0.240113
-0.00549403 -0.999335 0.0360284 -2.38626 0.999743 -0.00628071 -0.0217585 11.4963 0.0219703 0.0358996 0.999114 0.317737
-0.306599 -0.951826 -0.00486935 -2.46821 0.951072 -0.306143 -0.0416701 12.4978 0.0381719 -0.0174071 0.99912 0.363324
-0.688318 -0.724677 0.0325704 -2.97533 0.723581 -0.689076 -0.0400437 13.3568 0.0514623 -0.00399545 0.998667 0.476731
-0.387426 -0.920079 0.0579323 -3.66283 0.921764 -0.387686 0.00713114 14.1229 0.0158984 0.0561627 0.998295 0.506831
0.135745 -0.986995 0.0861 -3.84244 0.990714 0.135894 -0.00415434 14.623 -0.0076001 0.0858644 0.996278 0.517237
0.100241 -0.994571 0.027948 -3.70427 0.994963 0.100224 -0.00201241 15.633 -0.000799568 0.028009 0.999607 0.508
0.111416 -0.993773 0.000994165 -3.59245 0.993769 0.111419 0.002882 16.6386 -0.00297483 0.000666868 0.999995 0.513476
0.0371536 -0.999303 0.00328756 -3.53693 0.999302 0.0371411 -0.00376925 17.6416 0.00364453 0.0034253 0.999987 0.549997
0.0869542 -0.995506 0.0374905 -3.50152 0.996198 0.0866904 -0.00861085 18.6605 0.00532211 0.0380967 0.99926 0.551237
0.0998606 -0.994658 0.0261081 -3.3685 0.994993 0.0997168 -0.00675778 19.6787 0.00411828 0.0266522 0.999636 0.567207
0.0835875 -0.996498 -0.00197642 -3.28175 0.996486 0.0835757 0.00546006 20.6773 -0.00527576 -0.00242586 0.999983 0.604791
0.0575522 -0.998342 -0.000587393 -3.2438 0.998342 0.0575522 -9.55529e-05 21.6935 0.000129201 -0.000580919 1 0.624118
0.0266112 -0.999591 0.0105549 -3.24237 0.999638 0.0265654 -0.00445557 22.7117 0.00417333 0.0106696 0.999934 0.6546
0.0872231 -0.995728 0.0303159 -3.1599 0.99614 0.0868758 -0.0125934 23.7139 0.00990582 0.0312973 0.999461 0.683247
0.0713392 -0.997081 0.0271951 -3.05255 0.997452 0.0713203 -0.00166545 24.721 -0.000278958 0.0272446 0.999629 0.73649
0.0887264 -0.996041 0.00546805 -2.99904 0.995969 0.0886446 -0.0137154 25.7356 0.0131764 0.00666292 0.999891 0.735386
0.0843116 -0.996311 0.0160404 -2.95431 0.996371 0.0841059 -0.0130912 26.7399 0.0116938 0.0170859 0.999786 0.800374
0.0282444 -0.999593 0.0040984 -2.89703 0.999537 0.0281961 -0.0114069 27.7432 0.0112867 0.00441868 0.999927 0.823094
0.0309712 -0.995709 -0.0872049 -2.87066 0.999499 0.0314276 -0.00386505 28.7524 0.00658911 -0.0870415 0.996183 0.819418
0.0589448 -0.996639 -0.0568821 -2.78256 0.998254 0.0590484 -0.000139463 29.7556 0.00349775 -0.0567746 0.998381 0.867447
0.0849839 -0.996107 -0.0234361 -2.62819 0.996332 0.0851924 -0.00804666 30.8004 0.0100119 -0.0226663 0.999693 0.931668
0.612529 -0.789965 0.0276398 -2.38567 0.790161 0.61099 -0.0483366 31.7591 0.0212966 0.0514475 0.998449 0.965557
0.938387 -0.345488 0.00828578 -2.09197 0.345135 0.935664 -0.0735814 32.2256 0.0176688 0.0719075 0.997255 0.985166
0.994919 0.0937018 0.0368361 -1.0893 -0.0927022 0.995301 -0.0279712 32.217 -0.039284 0.0244143 0.99893 1.03828
0.900258 -0.435327 0.00510291 -0.522889 0.433684 0.897764 0.0770624 32.2491 -0.0381286 -0.067163 0.997013 1.02555
0.544017 -0.837892 -0.0445383 -0.200775 0.838792 0.544445 0.0029439 32.5725 0.021782 -0.0389599 0.999003 1.02355
0.0458233 -0.995772 -0.0796311 -0.159028 0.998799 0.0470598 -0.0137204 32.8582 0.0174098 -0.0789066 0.99673 1.0281
0.0849543 -0.996279 -0.0145578 -0.238618 0.995799 0.0853965 -0.0330661 33.8715 0.0341862 -0.0116876 0.999347 1.07129
0.00307393 -0.999983 -0.00502381 -0.180937 0.99968 0.00319918 -0.0251162 34.8813 0.0251319 -0.00494499 0.999672 1.12779
0.0955312 -0.994851 -0.0338559 -0.162285 0.994563 0.0968098 -0.0383836 35.9141 0.0414636 -0.030005 0.998689 1.19465
0.0571583 -0.998213 0.0174243 -0.0820607 0.997442 0.0563461 -0.0439946 36.9282 0.0429342 0.0198944 0.99888 1.2438
-0.0734222 -0.997111 -0.0194406 -0.11078 0.99627 -0.0724466 -0.0468628 37.9498 0.0453191 -0.0228089 0.998712 1.30099
0.067172 -0.997724 -0.00582855 -0.075163 0.997021 0.0673443 -0.037604 38.9591 0.037911 -0.00328526 0.999276 1.32544
-0.0472274 -0.998804 -0.0127343 -0.0271267 0.998308 -0.046763 -0.034589 39.9736 0.0339521 -0.0143463 0.99932 1.39302
-0.16595 -0.986124 -0.00433524 -0.0657974 0.985768 -0.165768 -0.0279313 40.9797 0.0268251 -0.00890877 0.9996 1.45185
-0.00442048 -0.999748 -0.0220113 -0.213408 0.99939 -0.00365401 -0.0347409 41.978 0.0346517 -0.0221514 0.999154 1.50907
-0.0330594 -0.999141 -0.0249929 -0.258015 0.99882 -0.032138 -0.0364116 42.9942 0.0355771 -0.0261671 0.999024 1.58013
-0.565509 -0.820101 -0.0873788 -0.364613 0.824387 -0.558969 -0.0891172 43.5346 0.0242431 -0.12243 0.992181 1.60606
-0.898882 -0.438011 -0.012487 -0.626751 0.438053 -0.897529 -0.050502 43.7517 0.010913 -0.0508653 0.998646 1.58334
-0.997523 -0.069342 -0.0117246 -1.61273 0.0697534 -0.996786 -0.0393657 44.0151 -0.00895721 -0.0400861 0.999156 1.61743
-0.963708 0.26684 -0.00777837 -2.61146 -0.266247 -0.96287 -0.0446205 43.9466 -0.0193961 -0.0409303 0.998974 1.62193
-0.656338 0.753173 0.0441187 -3.02869 -0.753035 -0.650375 -0.0997393 43.6172 -0.0464274 -0.0986859 0.994035 1.61978
-0.953582 0.300391 -0.0212027 -3.5206 -0.299917 -0.953692 -0.0228792 43.1386 -0.0270935 -0.0154581 0.999513 1.56408
-0.999642 0.0126815 -0.0236268 -4.54014 -0.0112736 -0.998208 -0.0587999 43.029 -0.0243301 -0.0585123 0.99799 1.57333
-0.997508 0.0689403 -0.0149134 -5.58139 -0.0679586 -0.995968 -0.0585424 42.9838 -0.0188892 -0.0573831 0.998174 1.57658
-0.999165 0.037082 -0.0171011 -6.60492 -0.0362281 -0.998199 -0.0477976 42.9474 -0.0188428 -0.0471383 0.998711 1.59149
-0.996564 0.0823477 -0.00869116 -7.62448 -0.0816613 -0.994755 -0.0615639 42.8715 -0.0137152 -0.0606428 0.998065 1.59104
-0.999447 0.0330399 0.0040079 -8.67803 -0.0332248 -0.99753 -0.0619042 42.7836 0.00195269 -0.062003 0.998074 1.62932
-0.999384 0.0347163 -0.00539986 -9.69036 -0.0344204 -0.998274 -0.047619 42.7609 -0.00704368 -0.0474037 0.998851 1.63539
-0.999938 0.0101558 0.00488639 -10.6961 -0.0104928 -0.997147 -0.0747647 42.7051 0.00411315 -0.0748112 0.997189 1.65757
-0.996367 0.085144 -0.0018841 -11.7082 -0.084926 -0.994985 -0.0528412 42.6582 -0.00637376 -0.0524892 0.998601 1.65326
-0.998495 0.0548414 -0.00102009 -12.7257 -0.0546704 -0.996546 -0.0625251 42.5738 -0.00444553 -0.0623751 0.998043 1.6732
-0.990885 0.13466 -0.00376374 -13.7483 -0.134218 -0.989255 -0.0579627 42.4784 -0.0115285 -0.0569292 0.998312 1.6849
-0.992027 0.126028 -0.001046 -14.7403 -0.125743 -0.990279 -0.0594748 42.3546 -0.00853132 -0.058869 0.998229 1.70515
-0.999259 -0.0384289 0.00119111 -15.8117 0.0383311 -0.998166 -0.0468191 42.226 0.00298814 -0.0467389 0.998903 1.72535
-0.996566 -0.082647 0.00523635 -16.8399 0.0820934 -0.994249 -0.0687813 42.2741 0.0108908 -0.0681151 0.997618 1.74871
-0.999827 0.0185075 -0.00125797 -17.8747 -0.0184209 -0.998563 -0.0503023 42.3035 -0.00218713 -0.0502705 0.998733 1.77273
-0.999978 0.00622536 -0.00235029 -18.8812 -0.00607359 -0.99819 -0.059836 42.2747 -0.00271854 -0.0598204 0.998205 1.80111
-0.985914 0.167252 -0.00161846 -19.8989 -0.166853 -0.984146 -0.0601563 42.2018 -0.011654 -0.0590388 0.998188 1.79854
-0.977567 0.210542 -0.00595345 -20.9146 -0.209507 -0.974894 -0.0754334 42.03 -0.0216859 -0.0724939 0.997133 1.86455
-0.722951 0.689115 0.0496335 -21.2274 -0.689816 -0.715929 -0.107709 41.8289 -0.0386898 -0.112106 0.992943 1.85203
-0.295626 0.955143 0.0174817 -21.5384 -0.952406 -0.293257 -0.0831898 41.1589 -0.0743317 -0.0412428 0.99638 1.80287
-0.0260982 0.998644 0.045037 -21.625 -0.99782 -0.0232918 -0.0617514 40.144 -0.0606187 -0.0465504 0.997075 1.73482
0.0703473 0.997401 0.0155791 -21.6255 -0.99598 0.0710983 -0.0544973 39.0925 -0.0554632 -0.0116827 0.998392 1.70875
0.121609 0.99239 0.0193735 -21.5024 -0.990382 0.122614 -0.064105 38.0894 -0.0659925 -0.0113914 0.997755 1.66593
-0.0767477 0.996809 0.0219708 -21.4413 -0.994821 -0.0750843 -0.0685221 37.0554 -0.0666537 -0.0271159 0.997408 1.62067
-0.04451 0.998812 0.0198166 -21.4375 -0.996408 -0.0429551 -0.0729707 36.0222 -0.0720329 -0.0229933 0.997137 1.57596
0.0111419 0.999914 0.00692905 -21.4478 -0.997823 0.0115685 -0.0649293 35.0126 -0.0650039 -0.00619053 0.997866 1.54083
0.0373127 0.99895 0.0266249 -21.4296 -0.996901 0.0390567 -0.0683061 33.9431 -0.0692741 -0.0239937 0.997309 1.51429
-0.175856 0.98317 0.0495168 -21.5005 -0.981903 -0.171592 -0.0801543 32.9016 -0.0703086 -0.0627162 0.995552 1.48583
-0.634444 0.772809 0.0158468 -21.7327 -0.772252 -0.632837 -0.0561062 31.8905 -0.0333308 -0.0478338 0.998299 1.47963
-0.935427 0.353373 0.0100395 -21.9964 -0.353515 -0.935106 -0.024519 31.6643 0.000723666 -0.0264849 0.999649 1.48428
-0.991264 0.129511 0.0249661 -23.0076 -0.130642 -0.990126 -0.0508294 31.4519 0.0181366 -0.053647 0.998395 1.55383
-0.792001 0.608606 0.0483269 -23.6858 -0.608793 -0.781326 -0.137488 31.4404 -0.0459168 -0.138311 0.989324 1.56964
-0.347667 0.932302 0.0997121 -23.8369 -0.934422 -0.335742 -0.118889 31.2224 -0.0773631 -0.134507 0.987888 1.55481
-0.0579026 0.998166 -0.0176938 -23.961 -0.996018 -0.0589635 -0.0668799 30.193 -0.0678004 0.0137508 0.997604 1.49969
-0.0243512 0.998645 0.0459741 -23.9322 -0.997211 -0.0210199 -0.0716019 29.1741 -0.0705386 -0.0475895 0.996373 1.40861
-0.0723902 0.996654 0.03794 -23.873 -0.994518 -0.069253 -0.0783363 30.3653 -0.0754468 -0.0434029 0.996205 1.45846
-0.0267836 0.999633 0.00399975 -23.8328 -0.996302 -0.0263672 -0.0817703 29.3181 -0.0816349 -0.00617507 0.996643 1.42706
-0.130098 0.991111 0.0277802 -23.8661 -0.989612 -0.128071 -0.0653059 28.1914 -0.0611676 -0.0359878 0.997479 1.36783
-0.0498813 0.99871 0.0094938 -23.9222 -0.996795 -0.0491858 -0.0630983 27.1896 -0.0625499 -0.0126108 0.997962 1.301
-0.159493 0.981872 0.102409 -24.0167 -0.985755 -0.152792 -0.0702941 26.1481 -0.0533726 -0.112162 0.992256 1.23246
-0.101375 0.992745 0.0646621 -24.1297 -0.992548 -0.0965095 -0.0743953 25.1149 -0.0676151 -0.071722 0.99513 1.1932
-0.0484832 0.98941 -0.13681 -24.1837 -0.995371 -0.0592395 -0.0756772 24.0452 -0.0829804 0.132508 0.987702 1.22125
-0.129445 0.990055 -0.0550986 -24.2404 -0.987552 -0.133727 -0.0828249 23.0281 -0.0893693 0.0436915 0.99504 1.13475
-0.103656 0.978428 -0.178697 -24.3423 -0.99099 -0.116918 -0.0653256 22.0241 -0.0848094 0.170315 0.981733 1.16103
0.253955 0.95718 -0.138973 -24.4869 -0.966673 0.246365 -0.0696239 20.1254 -0.0324046 0.152022 0.987846 1.04104
0.683096 0.722781 -0.104729 -24.4333 -0.729382 0.682457 -0.0474692 19.6995 0.0371635 0.108814 0.993367 0.997919
0.773751 0.63318 -0.0198115 -23.6371 -0.633419 0.772822 -0.0390745 19.0403 -0.00943044 0.0427829 0.99904 1.13076
0.292224 0.9532 -0.0775545 -23.3551 -0.954803 0.286181 -0.0803097 18.7178 -0.0543567 0.0975178 0.993748 1.16567
-0.136704 0.990607 0.00273421 -23.2254 -0.988738 -0.136275 -0.0618463 17.6359 -0.060893 -0.0111581 0.998082 1.10992
-0.154387 0.987991 0.00621966 -23.3673 -0.986657 -0.153843 -0.0532975 16.6073 -0.0517006 -0.0143651 0.998559 1.08641
-0.215655 0.97647 -0.000685297 -23.5492 -0.974989 -0.215367 -0.0549061 15.5705 -0.0537617 -0.0111726 0.998491 1.04118
-0.169863 0.985457 0.00478056 -23.7073 -0.983485 -0.169212 -0.064235 14.5755 -0.0624918 -0.0156127 0.997923 0.996141
-0.100306 0.994862 0.0137302 -23.8535 -0.993576 -0.0994305 -0.0540414 13.5706 -0.0523985 -0.0190627 0.998444 0.966431
-0.177368 0.98399 0.0173583 -23.9322 -0.982736 -0.176144 -0.0565732 12.5259 -0.05261 -0.027093 0.998248 0.93377
-0.163314 0.986388 0.0191452 -24.1224 -0.984591 -0.161725 -0.066529 11.4729 -0.0625272 -0.0297153 0.997601 0.873139
-0.255513 0.966588 0.0204806 -24.2667 -0.964476 -0.25337 -0.0747635 10.4549 -0.0670764 -0.0388561 0.996991 0.780249
-0.255397 0.966296 0.0323283 -24.4866 -0.965161 -0.252844 -0.0673372 9.41052 -0.0568937 -0.0483998 0.997206 0.736495
-0.173326 0.984331 0.0324056 -24.6652 -0.981724 -0.170054 -0.085437 8.40625 -0.0785876 -0.0466218 0.995816 0.694341
0.347349 0.931804 0.105304 -24.6868 -0.933833 0.353949 -0.051711 7.61461 -0.0854568 -0.0803748 0.993095 0.654756
0.805345 0.589402 0.0634448 -24.4553 -0.588988 0.80769 -0.027034 7.31899 -0.0671776 -0.0155966 0.997619 0.656166
0.994278 0.105043 0.0194463 -23.9283 -0.103263 0.991673 -0.0769501 7.09624 -0.0273674 0.0745017 0.996845 0.626162
0.947957 0.316494 0.0347608 -22.9499 -0.313847 0.947215 -0.0654444 6.86633 -0.0536387 0.0511289 0.997251 0.603275
0.981318 0.190032 0.0300408 -21.9615 -0.188531 0.980955 -0.0467161 6.63911 -0.0383462 0.0401797 0.998456 0.590424
0.979488 0.198859 0.0325191 -20.9059 -0.196994 0.97897 -0.0530142 6.44219 -0.0423776 0.0455207 0.998064 0.5409
0.981804 0.186588 0.035281 -19.8508 -0.184735 0.981514 -0.0500406 6.25408 -0.0439658 0.0426124 0.998124 0.515171
0.975572 0.217988 0.0272241 -18.7556 -0.216487 0.975032 -0.0494564 6.04211 -0.0373252 0.0423546 0.998405 0.503492
0.984519 0.173213 0.0268089 -17.756 -0.171486 0.983533 -0.0570562 5.84285 -0.0362503 0.0515756 0.998011 0.476512
0.984245 0.175237 0.0235229 -16.7417 -0.173865 0.98343 -0.0513528 5.70175 -0.0321321 0.0464539 0.998404 0.475225
0.999568 0.0127759 0.0264583 -15.7158 -0.0109275 0.997566 -0.0688623 5.65034 -0.0272737 0.0685434 0.997275 0.458651
0.989466 0.142301 0.0265908 -14.6845 -0.140649 0.988468 -0.0561162 5.55672 -0.0342695 0.0517851 0.99807 0.45996
0.96055 0.274707 0.043363 -13.6594 -0.270732 0.959308 -0.0802055 5.30015 -0.0636315 0.0653016 0.995835 0.423712
0.988388 0.149395 0.0277434 -12.6366 -0.14579 0.98384 -0.103946 5.028 -0.0428241 0.0986947 0.994196 0.387234
0.971514 0.234323 0.0354016 -11.644 -0.232548 0.971401 -0.0479734 4.84567 -0.0456304 0.0383743 0.998221 0.375179
0.9829 0.178987 0.0432528 -10.6507 -0.175803 0.982023 -0.0687262 4.653 -0.0547763 0.059947 0.996698 0.336918
0.924758 0.376841 0.0530522 -9.665 -0.373384 0.925407 -0.0648568 4.34341 -0.0735355 0.040168 0.996483 0.299461
0.925127 0.378091 0.0344656 -8.6669 -0.376463 0.925305 -0.0456711 3.95969 -0.049159 0.0292765 0.998362 0.276853
0.966018 0.256317 0.0333192 -7.7096 -0.254081 0.965343 -0.0596293 3.66087 -0.0474484 0.0491372 0.997664 0.242943
0.968767 0.245236 0.0367373 -6.72464 -0.243457 0.968774 -0.0469536 3.39913 -0.0471049 0.0365432 0.998221 0.21711
0.988436 0.147379 0.0356921 -5.64911 -0.145643 0.988213 -0.0471593 3.20103 -0.0422217 0.0414156 0.99825 0.189914
0.985927 0.162248 0.0402964 -4.65851 -0.159087 0.984628 -0.0721075 3.06931 -0.0513763 0.0646821 0.996583 0.145467
0.981122 0.191455 0.0272951 -3.61405 -0.190466 0.981065 -0.0351201 2.93083 -0.0335022 0.0292583 0.99901 0.125411
0.916047 0.400105 0.0278129 -2.63904 -0.397273 0.914709 -0.0740443 2.66084 -0.0550662 0.0567788 0.996867 0.131858
0.922148 0.386218 0.0218971 -1.65785 -0.38484 0.92166 -0.049403 2.24154 -0.039262 0.03713 0.998539 0.0660086
0.498757 0.865747 -0.0415131 -1.00864 -0.864864 0.493956 -0.0895355 1.87224 -0.0570095 0.0805597 0.995118 0.0372067
0.864128 0.499919 0.0579966 -0.653309 -0.500977 0.86545 0.0043626 1.35678 -0.0480122 -0.0328248 0.998307 -0.0255266
