# oST version 5.0 parameters


[image]

width
640

height
480

[narrow_stereo/left]

camera matrix
726.560771 0.000000 348.408764
0.000000 725.576623 237.897696
0.000000 0.000000 1.000000

distortion
-0.450473 0.285063 0.009510 0.006505 0.0000

rectification
0.999852 0.015236 -0.007994
-0.015242 0.999884 -0.000667
0.007983 0.000788 0.999968

projection
707.078321 0.000000 358.867992 0.000000
0.000000 707.078321 242.513943 0.000000
0.000000 0.000000 1.000000 0.000000


