# oST version 5.0 parameters


[image]

width
640

height
480

[narrow_stereo/right]

camera matrix
731.147850 0.000000 344.355288
0.000000 728.666693 237.944422
0.000000 0.000000 1.000000

distortion
-0.415448 0.202063 0.006331 0.002952 0.0000

rectification
0.999758 -0.021907 -0.002035
0.021908 0.999760 0.000705
0.002019 -0.000750 0.999998

projection
707.078321 0.000000 358.867992 -74.181605
0.000000 707.078321 242.513943 0.000000
0.000000 0.000000 1.000000 0.000000

