dist_rmse: 0.201350 dist_mean: 0.160700 dist_std: 0.014717
% < 1m: 100.000000 % < 0.5m: 97.903939 % < 0.2m: 72.730145 % < 0.1m; 39.751422
x_rmse: 0.178455 abs_x_mean: 0.127395 abs_x_std: 0.015617 dx_mean: 0.003799
y_rmse: 0.093249 abs_y_mean: 0.065924 abs_y_std: 0.004349 dy_mean: 0.030612 
th_rmse: 0.000000 abs_th_mean: 1.562892 abs_th_std: 0.000303 dth_mean: 1.566753
