dist_rmse: 1.458876 dist_mean: 1.005098 dist_std: 1.118097
% < 1m: 70.794393 % < 0.5m: 41.939252 % < 0.2m: 12.149533 % < 0.1m; 3.387850
x_rmse: 0.352793 abs_x_mean: 0.251942 abs_x_std: 0.060988 dx_mean: 0.020293
y_rmse: 1.415577 abs_y_mean: 0.830404 abs_y_std: 1.314287 dy_mean: -0.136431 
th_rmse: 0.000000 abs_th_mean: 1.544783 abs_th_std: 0.011774 dth_mean: 1.559656
