dist_rmse: 0.205664 dist_mean: 0.173354 dist_std: 0.012246
% < 1m: 100.000000 % < 0.5m: 98.591993 % < 0.2m: 68.088683 % < 0.1m; 28.401807
x_rmse: 0.178191 abs_x_mean: 0.132244 abs_x_std: 0.014264 dx_mean: 0.004733
y_rmse: 0.102692 abs_y_mean: 0.078684 abs_y_std: 0.004354 dy_mean: 0.027942 
th_rmse: 0.000000 abs_th_mean: 1.561687 abs_th_std: 0.000659 dth_mean: 1.566719
