dist_rmse: 1.632908 dist_mean: 1.121036 dist_std: 1.409665
% < 1m: 67.406542 % < 0.5m: 35.046729 % < 0.2m: 9.579439 % < 0.1m; 2.219626
x_rmse: 0.329156 abs_x_mean: 0.242367 abs_x_std: 0.049602 dx_mean: 0.022618
y_rmse: 1.599389 abs_y_mean: 0.991585 abs_y_std: 1.574803 dy_mean: -0.368613 
th_rmse: 0.000000 abs_th_mean: 1.534564 abs_th_std: 0.012242 dth_mean: 1.559384
